#R Mpc/h b^2xi_nl
1.000000e-02 5.506199e+04
1.033677e-02 5.370555e+04
1.068487e-02 5.237990e+04
1.104471e-02 5.081958e+04
1.141665e-02 4.955945e+04
1.180113e-02 4.832794e+04
1.219855e-02 4.712440e+04
1.260936e-02 4.594820e+04
1.303400e-02 4.479871e+04
1.347294e-02 4.367534e+04
1.392667e-02 4.257750e+04
1.439567e-02 4.139183e+04
1.488047e-02 4.034588e+04
1.538159e-02 3.932372e+04
1.589959e-02 3.832479e+04
1.643504e-02 3.734858e+04
1.698852e-02 3.639459e+04
1.756063e-02 3.546230e+04
1.815202e-02 3.455123e+04
1.876332e-02 3.366091e+04
1.939520e-02 3.279086e+04
2.004837e-02 3.194064e+04
2.072353e-02 3.102336e+04
2.142143e-02 3.021343e+04
2.214283e-02 2.942198e+04
2.288853e-02 2.864859e+04
2.365934e-02 2.789287e+04
2.445611e-02 2.715442e+04
2.527971e-02 2.643286e+04
2.613104e-02 2.572781e+04
2.701105e-02 2.500432e+04
2.792069e-02 2.433200e+04
2.886097e-02 2.367510e+04
2.983291e-02 2.303329e+04
3.083758e-02 2.240624e+04
3.187609e-02 2.179362e+04
3.294957e-02 2.119512e+04
3.405920e-02 2.059349e+04
3.520620e-02 2.002270e+04
3.639183e-02 1.946512e+04
3.761739e-02 1.892048e+04
3.888422e-02 1.838848e+04
4.019371e-02 1.785918e+04
4.154730e-02 1.735190e+04
4.294647e-02 1.685649e+04
4.439277e-02 1.637268e+04
4.588777e-02 1.589414e+04
4.743311e-02 1.543296e+04
4.903050e-02 1.498267e+04
5.068169e-02 1.454305e+04
5.238848e-02 1.410984e+04
5.415275e-02 1.369099e+04
5.597643e-02 1.328216e+04
5.786153e-02 1.288315e+04
5.981012e-02 1.249098e+04
6.182432e-02 1.211108e+04
6.390636e-02 1.174041e+04
6.605851e-02 1.137676e+04
6.828314e-02 1.102405e+04
7.058269e-02 1.068002e+04
7.295968e-02 1.034301e+04
7.541672e-02 1.001587e+04
7.795651e-02 9.695728e+03
8.058182e-02 9.384791e+03
8.329555e-02 9.080775e+03
8.610067e-02 8.785381e+03
8.900025e-02 8.497516e+03
9.199748e-02 8.216296e+03
9.509565e-02 7.943037e+03
9.829816e-02 7.676846e+03
1.016085e-01 7.417578e+03
1.050304e-01 7.165088e+03
1.085674e-01 6.919237e+03
1.122236e-01 6.679887e+03
1.160029e-01 6.446905e+03
1.199095e-01 6.220160e+03
1.239477e-01 5.999526e+03
1.281218e-01 5.784882e+03
1.324365e-01 5.575628e+03
1.368966e-01 5.372618e+03
1.415068e-01 5.175249e+03
1.462723e-01 4.983412e+03
1.511982e-01 4.796998e+03
1.562901e-01 4.615901e+03
1.615534e-01 4.439072e+03
1.669940e-01 4.268314e+03
1.726178e-01 4.102557e+03
1.784310e-01 3.941374e+03
1.844399e-01 3.785321e+03
1.906513e-01 3.633965e+03
1.970718e-01 3.487209e+03
2.037085e-01 3.344958e+03
2.105687e-01 3.207118e+03
2.176600e-01 3.073599e+03
2.249900e-01 2.944313e+03
2.325669e-01 2.819171e+03
2.403990e-01 2.698086e+03
2.484949e-01 2.580754e+03
2.568633e-01 2.467528e+03
2.655137e-01 2.358099e+03
2.744553e-01 2.252385e+03
2.836980e-01 2.150304e+03
2.932520e-01 2.051777e+03
3.031278e-01 1.956726e+03
3.133361e-01 1.865072e+03
3.238882e-01 1.776580e+03
3.347957e-01 1.691484e+03
3.460705e-01 1.609549e+03
3.577250e-01 1.530698e+03
3.697720e-01 1.454859e+03
3.822247e-01 1.381959e+03
3.950967e-01 1.311807e+03
4.084023e-01 1.244561e+03
4.221559e-01 1.180033e+03
4.363727e-01 1.118149e+03
4.510683e-01 1.058841e+03
4.662588e-01 1.001950e+03
4.819608e-01 9.475837e+02
4.981917e-01 8.955818e+02
5.149691e-01 8.458767e+02
5.323115e-01 7.983305e+02
5.502380e-01 7.530185e+02
5.687682e-01 7.098010e+02
5.879224e-01 6.686132e+02
6.077217e-01 6.293334e+02
6.281877e-01 5.920116e+02
6.493430e-01 5.565254e+02
6.712107e-01 5.227656e+02
6.938149e-01 4.907652e+02
7.171803e-01 4.604136e+02
7.413325e-01 4.316122e+02
7.662981e-01 4.043804e+02
7.921045e-01 3.786191e+02
8.187799e-01 3.542383e+02
8.463537e-01 3.312473e+02
8.748561e-01 3.095285e+02
9.043183e-01 2.890846e+02
9.347728e-01 2.698080e+02
9.662528e-01 2.516960e+02
9.987930e-01 2.346717e+02
1.032429e+00 2.186645e+02
1.067198e+00 2.036672e+02
1.103137e+00 1.895928e+02
1.140287e+00 1.764152e+02
1.178689e+00 1.641035e+02
1.218383e+00 1.525831e+02
1.259414e+00 1.418401e+02
1.301827e+00 1.318060e+02
1.345668e+00 1.224663e+02
1.390986e+00 1.137585e+02
1.437829e+00 1.056578e+02
1.486251e+00 9.813753e+01
1.536303e+00 9.114423e+01
1.588040e+00 8.462563e+01
1.641520e+00 7.860930e+01
1.696801e+00 7.304174e+01
1.753944e+00 6.788011e+01
1.813011e+00 6.310410e+01
1.874067e+00 5.869271e+01
1.937179e+00 5.460988e+01
2.002417e+00 5.084257e+01
2.069852e+00 4.735857e+01
2.139557e+00 4.414198e+01
2.211611e+00 4.117679e+01
2.286090e+00 3.843634e+01
2.363078e+00 3.590726e+01
2.442659e+00 3.357310e+01
2.524919e+00 3.142130e+01
2.609950e+00 2.943145e+01
2.697845e+00 2.759331e+01
2.788699e+00 2.589683e+01
2.882613e+00 2.432550e+01
2.979690e+00 2.287125e+01
3.080036e+00 2.152622e+01
3.183762e+00 2.027724e+01
3.290980e+00 1.911995e+01
3.401809e+00 1.804298e+01
3.516371e+00 1.704128e+01
3.634791e+00 1.610997e+01
3.757198e+00 1.524009e+01
3.883728e+00 1.442795e+01
4.014519e+00 1.366998e+01
4.149715e+00 1.295908e+01
4.289463e+00 1.229379e+01
4.433918e+00 1.166803e+01
4.583238e+00 1.107977e+01
4.737586e+00 1.052701e+01
4.897132e+00 1.000501e+01
5.062051e+00 9.513285e+00
5.232524e+00 9.047743e+00
5.408738e+00 8.608143e+00
5.590887e+00 8.190922e+00
5.779169e+00 7.795244e+00
5.973792e+00 7.420258e+00
6.174970e+00 7.063114e+00
6.382922e+00 6.723958e+00
6.597878e+00 6.400354e+00
6.820073e+00 6.092001e+00
7.049750e+00 5.798559e+00
7.287162e+00 5.518060e+00
7.532569e+00 5.250317e+00
7.786241e+00 4.995072e+00
8.048456e+00 4.750648e+00
8.319501e+00 4.516905e+00
8.599674e+00 4.293663e+00
8.889283e+00 4.079550e+00
9.188644e+00 3.874550e+00
9.498087e+00 3.678275e+00
9.817951e+00 3.490711e+00
1.014859e+01 3.310833e+00
1.049036e+01 3.138673e+00
1.084364e+01 2.973911e+00
1.120882e+01 2.816240e+00
1.158629e+01 2.665357e+00
1.197648e+01 2.520981e+00
1.237981e+01 2.382863e+00
1.279672e+01 2.250789e+00
1.322767e+01 2.124576e+00
1.367313e+01 2.004048e+00
1.413360e+01 1.889028e+00
1.460957e+01 1.779328e+00
1.510157e+01 1.674764e+00
1.561014e+01 1.575001e+00
1.613584e+01 1.479082e+00
1.667924e+01 1.388862e+00
1.724094e+01 1.303049e+00
1.782156e+01 1.221361e+00
1.842173e+01 1.143893e+00
1.904211e+01 1.070377e+00
1.968339e+01 1.000567e+00
2.034626e+01 9.345146e-01
2.103146e+01 8.718893e-01
2.173972e+01 8.126584e-01
2.247185e+01 7.567652e-01
2.322862e+01 7.039251e-01
2.401089e+01 6.540886e-01
2.481949e+01 6.071341e-01
2.565533e+01 5.629415e-01
2.651932e+01 5.213908e-01
2.741240e+01 4.823601e-01
2.833556e+01 4.456812e-01
2.928981e+01 4.113250e-01
3.027619e+01 3.790989e-01
3.129579e+01 3.489425e-01
3.234973e+01 3.207849e-01
3.343916e+01 2.944661e-01
3.456528e+01 2.699042e-01
3.572932e+01 2.470645e-01
3.693257e+01 2.258292e-01
3.817633e+01 2.060866e-01
3.946198e+01 1.877693e-01
4.079093e+01 1.707883e-01
4.216464e+01 1.550650e-01
4.358460e+01 1.405145e-01
4.505239e+01 1.270869e-01
4.656960e+01 1.147193e-01
4.813791e+01 1.033464e-01
4.975903e+01 9.289047e-02
5.143475e+01 8.329453e-02
5.316690e+01 7.448950e-02
5.495739e+01 6.643324e-02
5.680817e+01 5.907447e-02
5.872128e+01 5.237462e-02
6.069882e+01 4.627613e-02
6.274295e+01 4.072848e-02
6.485593e+01 3.567598e-02
6.704006e+01 3.108777e-02
6.929774e+01 2.693480e-02
7.163146e+01 2.317189e-02
7.404377e+01 1.976874e-02
7.653732e+01 1.671410e-02
7.911484e+01 1.404494e-02
8.177916e+01 1.186016e-02
8.453322e+01 1.033951e-02
8.738001e+01 9.784524e-03
9.032268e+01 1.053277e-02
9.336445e+01 1.261104e-02
9.650865e+01 1.533521e-02
9.975874e+01 1.737492e-02
1.031183e+02 1.750643e-02
1.065910e+02 1.543094e-02
1.101806e+02 1.185915e-02
1.138911e+02 7.846613e-03
1.177266e+02 4.197159e-03
1.216912e+02 1.289473e-03
1.257894e+02 -7.541571e-04
1.300255e+02 -2.038468e-03
1.344044e+02 -2.809427e-03
1.389307e+02 -3.207640e-03
1.436094e+02 -3.353854e-03
1.484457e+02 -3.335804e-03
1.534448e+02 -3.217341e-03
1.586123e+02 -3.051875e-03
1.639539e+02 -2.847385e-03
1.694753e+02 -2.636421e-03
1.751827e+02 -2.435456e-03
1.810822e+02 -2.247637e-03
1.871805e+02 -2.059533e-03
1.934841e+02 -1.869613e-03
2.000000e+02 -1.690941e-03
