#R Mpc/h xi_lin
1.000000e-02 5.065454e+01
1.033677e-02 5.057740e+01
1.068487e-02 5.049521e+01
1.104471e-02 5.040767e+01
1.141665e-02 5.031445e+01
1.180113e-02 5.021521e+01
1.219855e-02 5.010958e+01
1.260936e-02 4.999718e+01
1.303400e-02 4.987762e+01
1.347294e-02 4.975047e+01
1.392667e-02 4.961530e+01
1.439567e-02 4.947164e+01
1.488047e-02 4.931904e+01
1.538159e-02 4.915699e+01
1.589959e-02 4.898498e+01
1.643504e-02 4.880248e+01
1.698852e-02 4.860895e+01
1.756063e-02 4.840383e+01
1.815202e-02 4.818655e+01
1.876332e-02 4.795651e+01
1.939520e-02 4.771314e+01
2.004837e-02 4.745583e+01
2.072353e-02 4.718398e+01
2.142143e-02 4.689700e+01
2.214283e-02 4.659429e+01
2.288853e-02 4.627529e+01
2.365934e-02 4.593945e+01
2.445611e-02 4.558622e+01
2.527971e-02 4.521513e+01
2.613104e-02 4.482574e+01
2.701105e-02 4.441765e+01
2.792069e-02 4.399055e+01
2.886097e-02 4.354420e+01
2.983291e-02 4.307847e+01
3.083758e-02 4.259331e+01
3.187609e-02 4.208883e+01
3.294957e-02 4.156525e+01
3.405920e-02 4.102298e+01
3.520620e-02 4.046257e+01
3.639183e-02 3.989115e+01
3.761739e-02 3.932427e+01
3.888422e-02 3.876268e+01
4.019371e-02 3.820638e+01
4.154730e-02 3.765534e+01
4.294647e-02 3.710950e+01
4.439277e-02 3.656880e+01
4.588777e-02 3.603322e+01
4.743311e-02 3.550271e+01
4.903050e-02 3.497725e+01
5.068169e-02 3.445678e+01
5.238848e-02 3.394125e+01
5.415275e-02 3.343060e+01
5.597643e-02 3.292478e+01
5.786153e-02 3.242382e+01
5.981012e-02 3.192771e+01
6.182432e-02 3.143649e+01
6.390636e-02 3.095019e+01
6.605851e-02 3.046883e+01
6.828314e-02 2.999241e+01
7.058269e-02 2.952088e+01
7.295968e-02 2.905419e+01
7.541672e-02 2.859226e+01
7.795651e-02 2.813502e+01
8.058182e-02 2.768247e+01
8.329555e-02 2.723459e+01
8.610067e-02 2.679140e+01
8.900025e-02 2.635293e+01
9.199748e-02 2.591921e+01
9.509565e-02 2.549024e+01
9.829816e-02 2.506601e+01
1.016085e-01 2.464646e+01
1.050304e-01 2.423156e+01
1.085674e-01 2.285903e+01
1.122236e-01 2.246195e+01
1.160029e-01 2.206949e+01
1.199095e-01 2.168169e+01
1.239477e-01 2.129858e+01
1.281218e-01 2.092011e+01
1.324365e-01 2.054625e+01
1.368966e-01 2.017699e+01
1.415068e-01 1.981229e+01
1.462723e-01 1.945211e+01
1.511982e-01 1.909639e+01
1.562901e-01 1.874505e+01
1.615534e-01 1.839801e+01
1.669940e-01 1.805522e+01
1.726178e-01 1.771665e+01
1.784310e-01 1.727329e+01
1.844399e-01 1.694436e+01
1.906513e-01 1.661946e+01
1.970718e-01 1.629869e+01
2.037085e-01 1.598210e+01
2.105687e-01 1.566972e+01
2.176600e-01 1.536155e+01
2.249900e-01 1.505763e+01
2.325669e-01 1.475798e+01
2.403990e-01 1.446256e+01
2.484949e-01 1.413888e+01
2.568633e-01 1.385219e+01
2.655137e-01 1.356931e+01
2.744553e-01 1.329022e+01
2.836980e-01 1.301481e+01
2.932520e-01 1.274299e+01
3.031278e-01 1.247471e+01
3.133361e-01 1.221002e+01
3.238882e-01 1.193540e+01
3.347957e-01 1.167856e+01
3.460705e-01 1.142572e+01
3.577250e-01 1.117707e+01
3.697720e-01 1.093261e+01
3.822247e-01 1.069218e+01
3.950967e-01 1.045550e+01
4.084023e-01 1.022230e+01
4.221559e-01 9.992383e+00
4.363727e-01 9.765721e+00
4.510683e-01 9.542423e+00
4.662588e-01 9.311855e+00
4.819608e-01 9.096055e+00
4.981917e-01 8.883936e+00
5.149691e-01 8.675452e+00
5.323115e-01 8.470450e+00
5.502380e-01 8.268729e+00
5.687682e-01 8.070102e+00
5.879224e-01 7.874451e+00
6.077217e-01 7.677487e+00
6.281877e-01 7.488024e+00
6.493430e-01 7.301855e+00
6.712107e-01 7.119209e+00
6.938149e-01 6.940166e+00
7.171803e-01 6.764645e+00
7.413325e-01 6.592477e+00
7.662981e-01 6.421411e+00
7.921045e-01 6.255448e+00
8.187799e-01 6.092287e+00
8.463537e-01 5.931867e+00
8.748561e-01 5.774261e+00
9.043183e-01 5.618438e+00
9.347728e-01 5.466941e+00
9.662528e-01 5.318572e+00
9.987930e-01 5.173259e+00
1.032429e+00 5.030085e+00
1.067198e+00 4.890460e+00
1.103137e+00 4.753425e+00
1.140287e+00 4.618862e+00
1.178689e+00 4.486240e+00
1.218383e+00 4.356694e+00
1.259414e+00 4.229841e+00
1.301827e+00 4.105839e+00
1.345668e+00 3.984411e+00
1.390986e+00 3.866196e+00
1.437829e+00 3.750690e+00
1.486251e+00 3.637753e+00
1.536303e+00 3.527251e+00
1.588040e+00 3.419036e+00
1.641520e+00 3.313035e+00
1.696801e+00 3.209277e+00
1.753944e+00 3.107861e+00
1.813011e+00 3.008892e+00
1.874067e+00 2.912182e+00
1.937179e+00 2.818121e+00
2.002417e+00 2.726354e+00
2.069852e+00 2.636761e+00
2.139557e+00 2.549230e+00
2.211611e+00 2.463652e+00
2.286090e+00 2.379981e+00
2.363078e+00 2.298267e+00
2.442659e+00 2.218615e+00
2.524919e+00 2.141135e+00
2.609950e+00 2.065868e+00
2.697845e+00 1.992776e+00
2.788699e+00 1.921750e+00
2.882613e+00 1.852524e+00
2.979690e+00 1.785302e+00
3.080036e+00 1.719808e+00
3.183762e+00 1.655969e+00
3.290980e+00 1.593789e+00
3.401809e+00 1.533327e+00
3.516371e+00 1.474545e+00
3.634791e+00 1.417561e+00
3.757198e+00 1.362474e+00
3.883728e+00 1.309063e+00
4.014519e+00 1.257230e+00
4.149715e+00 1.206807e+00
4.289463e+00 1.157879e+00
4.433918e+00 1.110307e+00
4.583238e+00 1.064110e+00
4.737586e+00 1.019351e+00
4.897132e+00 9.761011e-01
5.062051e+00 9.343906e-01
5.232524e+00 8.941922e-01
5.408738e+00 8.554272e-01
5.590887e+00 8.179431e-01
5.779169e+00 7.817970e-01
5.973792e+00 7.468325e-01
6.174970e+00 7.129834e-01
6.382922e+00 6.802365e-01
6.597878e+00 6.486191e-01
6.820073e+00 6.181726e-01
7.049750e+00 5.888668e-01
7.287162e+00 5.607642e-01
7.532569e+00 5.337522e-01
7.786241e+00 5.077602e-01
8.048456e+00 4.827294e-01
8.319501e+00 4.585947e-01
8.599674e+00 4.352745e-01
8.889283e+00 4.128403e-01
9.188644e+00 3.912893e-01
9.498087e+00 3.706626e-01
9.817951e+00 3.509787e-01
1.014859e+01 3.322199e-01
1.049036e+01 3.143338e-01
1.084364e+01 2.972345e-01
1.120882e+01 2.809229e-01
1.158629e+01 2.653108e-01
1.197648e+01 2.503460e-01
1.237981e+01 2.359892e-01
1.279672e+01 2.222874e-01
1.322767e+01 2.092399e-01
1.367313e+01 1.968367e-01
1.413360e+01 1.850913e-01
1.460957e+01 1.739439e-01
1.510157e+01 1.633329e-01
1.561014e+01 1.532480e-01
1.613584e+01 1.436328e-01
1.667924e+01 1.344410e-01
1.724094e+01 1.256876e-01
1.782156e+01 1.173746e-01
1.842173e+01 1.095122e-01
1.904211e+01 1.021300e-01
1.968339e+01 9.519866e-02
2.034626e+01 8.870345e-02
2.103146e+01 8.259820e-02
2.173972e+01 7.684500e-02
2.247185e+01 7.142114e-02
2.322862e+01 6.628442e-02
2.401089e+01 6.141154e-02
2.481949e+01 5.681441e-02
2.565533e+01 5.249089e-02
2.651932e+01 4.845677e-02
2.741240e+01 4.469615e-02
2.833556e+01 4.119502e-02
2.928981e+01 3.793461e-02
3.027619e+01 3.489238e-02
3.129579e+01 3.205209e-02
3.234973e+01 2.939309e-02
3.343916e+01 2.690704e-02
3.456528e+01 2.458757e-02
3.572932e+01 2.242981e-02
3.693257e+01 2.044865e-02
3.817633e+01 1.862032e-02
3.946198e+01 1.692989e-02
4.079093e+01 1.536235e-02
4.216464e+01 1.391295e-02
4.358460e+01 1.257650e-02
4.505239e+01 1.134520e-02
4.656960e+01 1.021327e-02
4.813791e+01 9.176240e-03
4.975903e+01 8.227650e-03
5.143475e+01 7.361930e-03
5.316690e+01 6.569556e-03
5.495739e+01 5.842738e-03
5.680817e+01 5.178270e-03
5.872128e+01 4.577198e-03
6.069882e+01 4.035240e-03
6.274295e+01 3.542555e-03
6.485593e+01 3.092080e-03
6.704006e+01 2.682184e-03
6.929774e+01 2.311649e-03
7.163146e+01 1.976449e-03
7.404377e+01 1.669206e-03
7.653732e+01 1.385962e-03
7.911484e+01 1.129308e-03
8.177916e+01 9.095937e-04
8.453322e+01 7.433461e-04
8.738001e+01 6.701154e-04
9.032268e+01 7.565478e-04
9.336445e+01 1.038362e-03
9.650865e+01 1.434417e-03
9.975874e+01 1.744681e-03
1.031183e+02 1.787358e-03
1.065910e+02 1.538476e-03
1.101806e+02 1.122423e-03
1.138911e+02 6.871054e-04
1.177266e+02 3.194155e-04
1.216912e+02 4.756924e-05
1.257894e+02 -1.321107e-04
1.300255e+02 -2.421090e-04
1.344044e+02 -3.024180e-04
1.389307e+02 -3.290248e-04
1.436094e+02 -3.345661e-04
1.484457e+02 -3.266380e-04
1.534448e+02 -3.112562e-04
1.586123e+02 -2.916706e-04
1.639539e+02 -2.704848e-04
1.694753e+02 -2.493625e-04
1.751827e+02 -2.300622e-04
1.810822e+02 -2.126256e-04
1.871805e+02 -1.945540e-04
1.934841e+02 -1.755679e-04
2.000000e+02 -1.583878e-04
