#R Mpc/h xi_nl
1.000000e-02 4.962331e+03
1.033677e-02 4.840085e+03
1.068487e-02 4.720614e+03
1.104471e-02 4.579993e+03
1.141665e-02 4.466428e+03
1.180113e-02 4.355441e+03
1.219855e-02 4.246974e+03
1.260936e-02 4.140972e+03
1.303400e-02 4.037377e+03
1.347294e-02 3.936136e+03
1.392667e-02 3.837196e+03
1.439567e-02 3.730340e+03
1.488047e-02 3.636077e+03
1.538159e-02 3.543956e+03
1.589959e-02 3.453930e+03
1.643504e-02 3.365952e+03
1.698852e-02 3.279975e+03
1.756063e-02 3.195955e+03
1.815202e-02 3.113847e+03
1.876332e-02 3.033609e+03
1.939520e-02 2.955198e+03
2.004837e-02 2.878574e+03
2.072353e-02 2.795906e+03
2.142143e-02 2.722913e+03
2.214283e-02 2.651585e+03
2.288853e-02 2.581886e+03
2.365934e-02 2.513778e+03
2.445611e-02 2.447227e+03
2.527971e-02 2.382198e+03
2.613104e-02 2.318658e+03
2.701105e-02 2.253455e+03
2.792069e-02 2.192863e+03
2.886097e-02 2.133662e+03
2.983291e-02 2.075821e+03
3.083758e-02 2.019309e+03
3.187609e-02 1.964098e+03
3.294957e-02 1.910160e+03
3.405920e-02 1.855939e+03
3.520620e-02 1.804498e+03
3.639183e-02 1.754248e+03
3.761739e-02 1.705163e+03
3.888422e-02 1.657218e+03
4.019371e-02 1.609516e+03
4.154730e-02 1.563799e+03
4.294647e-02 1.519151e+03
4.439277e-02 1.475548e+03
4.588777e-02 1.432421e+03
4.743311e-02 1.390859e+03
4.903050e-02 1.350277e+03
5.068169e-02 1.310657e+03
5.238848e-02 1.271615e+03
5.415275e-02 1.233868e+03
5.597643e-02 1.197023e+03
5.786153e-02 1.161063e+03
5.981012e-02 1.125720e+03
6.182432e-02 1.091482e+03
6.390636e-02 1.058076e+03
6.605851e-02 1.025303e+03
6.828314e-02 9.935163e+02
7.058269e-02 9.625118e+02
7.295968e-02 9.321387e+02
7.541672e-02 9.026560e+02
7.795651e-02 8.738044e+02
8.058182e-02 8.457819e+02
8.329555e-02 8.183832e+02
8.610067e-02 7.917615e+02
8.900025e-02 7.658184e+02
9.199748e-02 7.404741e+02
9.509565e-02 7.158473e+02
9.829816e-02 6.918575e+02
1.016085e-01 6.684915e+02
1.050304e-01 6.457365e+02
1.085674e-01 6.235798e+02
1.122236e-01 6.020089e+02
1.160029e-01 5.810119e+02
1.199095e-01 5.605771e+02
1.239477e-01 5.406930e+02
1.281218e-01 5.213487e+02
1.324365e-01 5.024901e+02
1.368966e-01 4.841944e+02
1.415068e-01 4.664070e+02
1.462723e-01 4.491181e+02
1.511982e-01 4.323180e+02
1.562901e-01 4.159971e+02
1.615534e-01 4.000608e+02
1.669940e-01 3.846716e+02
1.726178e-01 3.697332e+02
1.784310e-01 3.552069e+02
1.844399e-01 3.411430e+02
1.906513e-01 3.275025e+02
1.970718e-01 3.142764e+02
2.037085e-01 3.014563e+02
2.105687e-01 2.890338e+02
2.176600e-01 2.770008e+02
2.249900e-01 2.653492e+02
2.325669e-01 2.540711e+02
2.403990e-01 2.431586e+02
2.484949e-01 2.325843e+02
2.568633e-01 2.223801e+02
2.655137e-01 2.125181e+02
2.744553e-01 2.029908e+02
2.836980e-01 1.937910e+02
2.932520e-01 1.849116e+02
3.031278e-01 1.763453e+02
3.133361e-01 1.680851e+02
3.238882e-01 1.601101e+02
3.347957e-01 1.524410e+02
3.460705e-01 1.450567e+02
3.577250e-01 1.379505e+02
3.697720e-01 1.311157e+02
3.822247e-01 1.245457e+02
3.950967e-01 1.182234e+02
4.084023e-01 1.121631e+02
4.221559e-01 1.063476e+02
4.363727e-01 1.007705e+02
4.510683e-01 9.542556e+01
4.662588e-01 9.029836e+01
4.819608e-01 8.539872e+01
4.981917e-01 8.071217e+01
5.149691e-01 7.623262e+01
5.323115e-01 7.194763e+01
5.502380e-01 6.786400e+01
5.687682e-01 6.396912e+01
5.879224e-01 6.025717e+01
6.077217e-01 5.671717e+01
6.281877e-01 5.335363e+01
6.493430e-01 5.015552e+01
6.712107e-01 4.711301e+01
6.938149e-01 4.422904e+01
7.171803e-01 4.149368e+01
7.413325e-01 3.889802e+01
7.662981e-01 3.644382e+01
7.921045e-01 3.412214e+01
8.187799e-01 3.192488e+01
8.463537e-01 2.985287e+01
8.748561e-01 2.789551e+01
9.043183e-01 2.605306e+01
9.347728e-01 2.431580e+01
9.662528e-01 2.268350e+01
9.987930e-01 2.114923e+01
1.032429e+00 1.970662e+01
1.067198e+00 1.835502e+01
1.103137e+00 1.708660e+01
1.140287e+00 1.589899e+01
1.178689e+00 1.478944e+01
1.218383e+00 1.375119e+01
1.259414e+00 1.278300e+01
1.301827e+00 1.187870e+01
1.345668e+00 1.103698e+01
1.390986e+00 1.025221e+01
1.437829e+00 9.522161e+00
1.486251e+00 8.844411e+00
1.536303e+00 8.214156e+00
1.588040e+00 7.626683e+00
1.641520e+00 7.084476e+00
1.696801e+00 6.582713e+00
1.753944e+00 6.117533e+00
1.813011e+00 5.687107e+00
1.874067e+00 5.289540e+00
1.937179e+00 4.921585e+00
2.002417e+00 4.582065e+00
2.069852e+00 4.268078e+00
2.139557e+00 3.978191e+00
2.211611e+00 3.710960e+00
2.286090e+00 3.463983e+00
2.363078e+00 3.236056e+00
2.442659e+00 3.025695e+00
2.524919e+00 2.831770e+00
2.609950e+00 2.652440e+00
2.697845e+00 2.486782e+00
2.788699e+00 2.333890e+00
2.882613e+00 2.192278e+00
2.979690e+00 2.061216e+00
3.080036e+00 1.939999e+00
3.183762e+00 1.827438e+00
3.290980e+00 1.723140e+00
3.401809e+00 1.626081e+00
3.516371e+00 1.535805e+00
3.634791e+00 1.451873e+00
3.757198e+00 1.373477e+00
3.883728e+00 1.300284e+00
4.014519e+00 1.231974e+00
4.149715e+00 1.167906e+00
4.289463e+00 1.107948e+00
4.433918e+00 1.051554e+00
4.583238e+00 9.985381e-01
4.737586e+00 9.487220e-01
4.897132e+00 9.016779e-01
5.062051e+00 8.573621e-01
5.232524e+00 8.154063e-01
5.408738e+00 7.757884e-01
5.590887e+00 7.381874e-01
5.779169e+00 7.025277e-01
5.973792e+00 6.687331e-01
6.174970e+00 6.365463e-01
6.382922e+00 6.059807e-01
6.597878e+00 5.768166e-01
6.820073e+00 5.490270e-01
7.049750e+00 5.225813e-01
7.287162e+00 4.973020e-01
7.532569e+00 4.731723e-01
7.786241e+00 4.501689e-01
8.048456e+00 4.281408e-01
8.319501e+00 4.070753e-01
8.599674e+00 3.869561e-01
8.889283e+00 3.676597e-01
9.188644e+00 3.491846e-01
9.498087e+00 3.314958e-01
9.817951e+00 3.145920e-01
1.014859e+01 2.983809e-01
1.049036e+01 2.828654e-01
1.084364e+01 2.680167e-01
1.120882e+01 2.538069e-01
1.158629e+01 2.402090e-01
1.197648e+01 2.271974e-01
1.237981e+01 2.147498e-01
1.279672e+01 2.028470e-01
1.322767e+01 1.914723e-01
1.367313e+01 1.806100e-01
1.413360e+01 1.702441e-01
1.460957e+01 1.603577e-01
1.510157e+01 1.509341e-01
1.561014e+01 1.419432e-01
1.613584e+01 1.332987e-01
1.667924e+01 1.251679e-01
1.724094e+01 1.174342e-01
1.782156e+01 1.100722e-01
1.842173e+01 1.030906e-01
1.904211e+01 9.646514e-02
1.968339e+01 9.017369e-02
2.034626e+01 8.422090e-02
2.103146e+01 7.857694e-02
2.173972e+01 7.323890e-02
2.247185e+01 6.820166e-02
2.322862e+01 6.343957e-02
2.401089e+01 5.894817e-02
2.481949e+01 5.471651e-02
2.565533e+01 5.073376e-02
2.651932e+01 4.698910e-02
2.741240e+01 4.347155e-02
2.833556e+01 4.016595e-02
2.928981e+01 3.706969e-02
3.027619e+01 3.416539e-02
3.129579e+01 3.144761e-02
3.234973e+01 2.890997e-02
3.343916e+01 2.653806e-02
3.456528e+01 2.432447e-02
3.572932e+01 2.226610e-02
3.693257e+01 2.035232e-02
3.817633e+01 1.857306e-02
3.946198e+01 1.692226e-02
4.079093e+01 1.539189e-02
4.216464e+01 1.397487e-02
4.358460e+01 1.266353e-02
4.505239e+01 1.145341e-02
4.656960e+01 1.033880e-02
4.813791e+01 9.313851e-03
4.975903e+01 8.371532e-03
5.143475e+01 7.506721e-03
5.316690e+01 6.713188e-03
5.495739e+01 5.987137e-03
5.680817e+01 5.323945e-03
5.872128e+01 4.720137e-03
6.069882e+01 4.170526e-03
6.274295e+01 3.670557e-03
6.485593e+01 3.215213e-03
6.704006e+01 2.801711e-03
6.929774e+01 2.427435e-03
7.163146e+01 2.088311e-03
7.404377e+01 1.781611e-03
7.653732e+01 1.506318e-03
7.911484e+01 1.265767e-03
8.177916e+01 1.068869e-03
8.453322e+01 9.318238e-04
8.738001e+01 8.818069e-04
9.032268e+01 9.492408e-04
9.336445e+01 1.136540e-03
9.650865e+01 1.382049e-03
9.975874e+01 1.565873e-03
1.031183e+02 1.577725e-03
1.065910e+02 1.390676e-03
1.101806e+02 1.068777e-03
1.138911e+02 7.071573e-04
1.177266e+02 3.782590e-04
1.216912e+02 1.162107e-04
1.257894e+02 -6.796661e-05
1.300255e+02 -1.837121e-04
1.344044e+02 -2.531929e-04
1.389307e+02 -2.890809e-04
1.436094e+02 -3.022581e-04
1.484457e+02 -3.006314e-04
1.534448e+02 -2.899552e-04
1.586123e+02 -2.750429e-04
1.639539e+02 -2.566137e-04
1.694753e+02 -2.376012e-04
1.751827e+02 -2.194897e-04
1.810822e+02 -2.025629e-04
1.871805e+02 -1.856105e-04
1.934841e+02 -1.684944e-04
2.000000e+02 -1.523920e-04
