#Omega_b = 0.050000
#Omega_m = 0.300000
#Omega_de = 0.680000
#hubble = 0.700000
#w0 = -0.800000
#wa = 0.200000
#sigma8 = 0.800000
#n_s = 0.960000
#
#M bias(M) ;; M is in h^-1 Msun. 
1.000000e+12 	 1.276764e+00
1.008902e+12 	 1.278770e+00
1.017883e+12 	 1.280781e+00
1.026944e+12 	 1.282798e+00
1.036086e+12 	 1.284822e+00
1.045309e+12 	 1.286851e+00
1.054614e+12 	 1.288886e+00
1.064002e+12 	 1.290928e+00
1.073474e+12 	 1.292976e+00
1.083030e+12 	 1.295031e+00
1.092671e+12 	 1.297092e+00
1.102398e+12 	 1.299160e+00
1.112211e+12 	 1.301234e+00
1.122112e+12 	 1.303315e+00
1.132101e+12 	 1.305403e+00
1.142179e+12 	 1.307498e+00
1.152347e+12 	 1.309600e+00
1.162605e+12 	 1.311709e+00
1.172954e+12 	 1.313825e+00
1.183396e+12 	 1.315949e+00
1.193930e+12 	 1.318080e+00
1.204558e+12 	 1.320218e+00
1.215281e+12 	 1.322364e+00
1.226100e+12 	 1.324518e+00
1.237014e+12 	 1.326679e+00
1.248026e+12 	 1.328849e+00
1.259136e+12 	 1.331026e+00
1.270345e+12 	 1.333211e+00
1.281653e+12 	 1.335405e+00
1.293062e+12 	 1.337607e+00
1.304573e+12 	 1.339817e+00
1.316186e+12 	 1.342035e+00
1.327903e+12 	 1.344262e+00
1.339724e+12 	 1.346498e+00
1.351650e+12 	 1.348742e+00
1.363682e+12 	 1.350996e+00
1.375821e+12 	 1.353258e+00
1.388069e+12 	 1.355529e+00
1.400425e+12 	 1.357809e+00
1.412892e+12 	 1.360099e+00
1.425469e+12 	 1.362398e+00
1.438159e+12 	 1.364706e+00
1.450961e+12 	 1.367024e+00
1.463877e+12 	 1.369351e+00
1.476909e+12 	 1.371688e+00
1.490056e+12 	 1.374034e+00
1.503320e+12 	 1.376390e+00
1.516703e+12 	 1.378755e+00
1.530204e+12 	 1.381130e+00
1.543826e+12 	 1.383515e+00
1.557569e+12 	 1.385909e+00
1.571435e+12 	 1.388313e+00
1.585423e+12 	 1.390726e+00
1.599537e+12 	 1.393149e+00
1.613776e+12 	 1.395582e+00
1.628141e+12 	 1.398025e+00
1.642635e+12 	 1.400477e+00
1.657257e+12 	 1.402939e+00
1.672010e+12 	 1.405411e+00
1.686894e+12 	 1.407893e+00
1.701911e+12 	 1.410385e+00
1.717061e+12 	 1.412887e+00
1.732346e+12 	 1.415398e+00
1.747768e+12 	 1.417920e+00
1.763326e+12 	 1.420451e+00
1.779023e+12 	 1.422993e+00
1.794860e+12 	 1.425544e+00
1.810837e+12 	 1.428106e+00
1.826957e+12 	 1.430678e+00
1.843221e+12 	 1.433259e+00
1.859629e+12 	 1.435851e+00
1.876183e+12 	 1.438453e+00
1.892885e+12 	 1.441066e+00
1.909735e+12 	 1.443688e+00
1.926735e+12 	 1.446321e+00
1.943887e+12 	 1.448964e+00
1.961191e+12 	 1.451617e+00
1.978650e+12 	 1.454281e+00
1.996263e+12 	 1.456955e+00
2.014034e+12 	 1.459639e+00
2.031963e+12 	 1.462334e+00
2.050051e+12 	 1.465039e+00
2.068301e+12 	 1.467754e+00
2.086712e+12 	 1.470480e+00
2.105288e+12 	 1.473217e+00
2.124029e+12 	 1.475964e+00
2.142937e+12 	 1.478722e+00
2.162013e+12 	 1.481490e+00
2.181259e+12 	 1.484269e+00
2.200677e+12 	 1.487058e+00
2.220267e+12 	 1.489859e+00
2.240032e+12 	 1.492669e+00
2.259972e+12 	 1.495491e+00
2.280090e+12 	 1.498324e+00
2.300388e+12 	 1.501167e+00
2.320865e+12 	 1.504021e+00
2.341526e+12 	 1.506886e+00
2.362370e+12 	 1.509761e+00
2.383399e+12 	 1.512648e+00
2.404616e+12 	 1.515546e+00
2.426022e+12 	 1.518454e+00
2.447618e+12 	 1.521374e+00
2.469407e+12 	 1.524305e+00
2.491389e+12 	 1.527246e+00
2.513567e+12 	 1.530199e+00
2.535943e+12 	 1.533163e+00
2.558517e+12 	 1.536138e+00
2.581293e+12 	 1.539124e+00
2.604272e+12 	 1.542121e+00
2.627455e+12 	 1.545130e+00
2.650844e+12 	 1.548150e+00
2.674442e+12 	 1.551181e+00
2.698249e+12 	 1.554223e+00
2.722269e+12 	 1.557277e+00
2.746502e+12 	 1.560343e+00
2.770951e+12 	 1.563419e+00
2.795618e+12 	 1.566507e+00
2.820505e+12 	 1.569607e+00
2.845612e+12 	 1.572718e+00
2.870944e+12 	 1.575841e+00
2.896501e+12 	 1.578975e+00
2.922285e+12 	 1.582121e+00
2.948299e+12 	 1.585278e+00
2.974545e+12 	 1.588447e+00
3.001024e+12 	 1.591628e+00
3.027739e+12 	 1.594821e+00
3.054691e+12 	 1.598026e+00
3.081884e+12 	 1.601243e+00
3.109319e+12 	 1.604472e+00
3.136997e+12 	 1.607713e+00
3.164923e+12 	 1.610966e+00
3.193097e+12 	 1.614231e+00
3.221521e+12 	 1.617509e+00
3.250199e+12 	 1.620798e+00
3.279132e+12 	 1.624101e+00
3.308323e+12 	 1.627415e+00
3.337773e+12 	 1.630743e+00
3.367486e+12 	 1.634083e+00
3.397463e+12 	 1.637435e+00
3.427707e+12 	 1.640800e+00
3.458220e+12 	 1.644178e+00
3.489004e+12 	 1.647569e+00
3.520063e+12 	 1.650973e+00
3.551399e+12 	 1.654390e+00
3.583013e+12 	 1.657819e+00
3.614909e+12 	 1.661262e+00
3.647088e+12 	 1.664718e+00
3.679554e+12 	 1.668187e+00
3.712309e+12 	 1.671670e+00
3.745356e+12 	 1.675166e+00
3.778697e+12 	 1.678675e+00
3.812334e+12 	 1.682198e+00
3.846272e+12 	 1.685734e+00
3.880511e+12 	 1.689284e+00
3.915055e+12 	 1.692848e+00
3.949906e+12 	 1.696426e+00
3.985068e+12 	 1.700017e+00
4.020543e+12 	 1.703622e+00
4.056333e+12 	 1.707242e+00
4.092442e+12 	 1.710875e+00
4.128873e+12 	 1.714522e+00
4.165628e+12 	 1.718184e+00
4.202710e+12 	 1.721860e+00
4.240122e+12 	 1.725550e+00
4.277867e+12 	 1.729255e+00
4.315948e+12 	 1.732974e+00
4.354369e+12 	 1.736708e+00
4.393131e+12 	 1.740456e+00
4.432238e+12 	 1.744219e+00
4.471694e+12 	 1.747997e+00
4.511500e+12 	 1.751790e+00
4.551661e+12 	 1.755598e+00
4.592180e+12 	 1.759421e+00
4.633059e+12 	 1.763258e+00
4.674302e+12 	 1.767111e+00
4.715912e+12 	 1.770980e+00
4.757893e+12 	 1.774863e+00
4.800247e+12 	 1.778762e+00
4.842979e+12 	 1.782677e+00
4.886091e+12 	 1.786607e+00
4.929586e+12 	 1.790552e+00
4.973469e+12 	 1.794514e+00
5.017742e+12 	 1.798491e+00
5.062410e+12 	 1.802484e+00
5.107475e+12 	 1.806493e+00
5.152941e+12 	 1.810518e+00
5.198812e+12 	 1.814559e+00
5.245092e+12 	 1.818617e+00
5.291783e+12 	 1.822691e+00
5.338890e+12 	 1.826781e+00
5.386416e+12 	 1.830887e+00
5.434366e+12 	 1.835010e+00
5.482742e+12 	 1.839150e+00
5.531549e+12 	 1.843307e+00
5.580790e+12 	 1.847480e+00
5.630470e+12 	 1.851670e+00
5.680592e+12 	 1.855878e+00
5.731160e+12 	 1.860102e+00
5.782179e+12 	 1.864343e+00
5.833651e+12 	 1.868602e+00
5.885582e+12 	 1.872878e+00
5.937975e+12 	 1.877172e+00
5.990834e+12 	 1.881483e+00
6.044164e+12 	 1.885811e+00
6.097969e+12 	 1.890157e+00
6.152252e+12 	 1.894521e+00
6.207019e+12 	 1.898903e+00
6.262273e+12 	 1.903303e+00
6.318020e+12 	 1.907721e+00
6.374262e+12 	 1.912156e+00
6.431005e+12 	 1.916610e+00
6.488254e+12 	 1.921083e+00
6.546011e+12 	 1.925573e+00
6.604284e+12 	 1.930082e+00
6.663074e+12 	 1.934610e+00
6.722388e+12 	 1.939156e+00
6.782231e+12 	 1.943721e+00
6.842605e+12 	 1.948304e+00
6.903518e+12 	 1.952907e+00
6.964972e+12 	 1.957528e+00
7.026974e+12 	 1.962169e+00
7.089527e+12 	 1.966828e+00
7.152638e+12 	 1.971507e+00
7.216310e+12 	 1.976205e+00
7.280549e+12 	 1.980922e+00
7.345360e+12 	 1.985659e+00
7.410748e+12 	 1.990416e+00
7.476717e+12 	 1.995192e+00
7.543275e+12 	 1.999988e+00
7.610424e+12 	 2.004804e+00
7.678171e+12 	 2.009640e+00
7.746522e+12 	 2.014496e+00
7.815481e+12 	 2.019372e+00
7.885054e+12 	 2.024268e+00
7.955246e+12 	 2.029185e+00
8.026063e+12 	 2.034122e+00
8.097510e+12 	 2.039080e+00
8.169593e+12 	 2.044058e+00
8.242318e+12 	 2.049057e+00
8.315691e+12 	 2.054077e+00
8.389716e+12 	 2.059117e+00
8.464401e+12 	 2.064179e+00
8.539750e+12 	 2.069262e+00
8.615770e+12 	 2.074366e+00
8.692467e+12 	 2.079492e+00
8.769847e+12 	 2.084639e+00
8.847915e+12 	 2.089807e+00
8.926679e+12 	 2.094997e+00
9.006143e+12 	 2.100209e+00
9.086315e+12 	 2.105443e+00
9.167201e+12 	 2.110698e+00
9.248807e+12 	 2.115976e+00
9.331139e+12 	 2.121276e+00
9.414204e+12 	 2.126598e+00
9.498008e+12 	 2.131943e+00
9.582559e+12 	 2.137310e+00
9.667862e+12 	 2.142700e+00
9.753924e+12 	 2.148112e+00
9.840753e+12 	 2.153547e+00
9.928354e+12 	 2.159005e+00
1.001674e+13 	 2.164487e+00
1.010590e+13 	 2.169991e+00
1.019587e+13 	 2.175519e+00
1.028663e+13 	 2.181070e+00
1.037820e+13 	 2.186644e+00
1.047059e+13 	 2.192242e+00
1.056379e+13 	 2.197864e+00
1.065783e+13 	 2.203510e+00
1.075271e+13 	 2.209179e+00
1.084843e+13 	 2.214873e+00
1.094500e+13 	 2.220591e+00
1.104243e+13 	 2.226333e+00
1.114073e+13 	 2.232100e+00
1.123990e+13 	 2.237891e+00
1.133996e+13 	 2.243707e+00
1.144091e+13 	 2.249548e+00
1.154275e+13 	 2.255414e+00
1.164550e+13 	 2.261304e+00
1.174917e+13 	 2.267220e+00
1.185376e+13 	 2.273161e+00
1.195928e+13 	 2.279128e+00
1.206574e+13 	 2.285120e+00
1.217315e+13 	 2.291138e+00
1.228152e+13 	 2.297181e+00
1.239085e+13 	 2.303251e+00
1.250115e+13 	 2.309346e+00
1.261243e+13 	 2.315468e+00
1.272471e+13 	 2.321616e+00
1.283798e+13 	 2.327791e+00
1.295226e+13 	 2.333992e+00
1.306756e+13 	 2.340219e+00
1.318389e+13 	 2.346474e+00
1.330125e+13 	 2.352756e+00
1.341966e+13 	 2.359065e+00
1.353912e+13 	 2.365401e+00
1.365964e+13 	 2.371764e+00
1.378124e+13 	 2.378155e+00
1.390392e+13 	 2.384574e+00
1.402769e+13 	 2.391020e+00
1.415256e+13 	 2.397495e+00
1.427855e+13 	 2.403998e+00
1.440566e+13 	 2.410528e+00
1.453389e+13 	 2.417088e+00
1.466327e+13 	 2.423675e+00
1.479380e+13 	 2.430292e+00
1.492550e+13 	 2.436937e+00
1.505836e+13 	 2.443612e+00
1.519241e+13 	 2.450315e+00
1.532765e+13 	 2.457048e+00
1.546410e+13 	 2.463810e+00
1.560176e+13 	 2.470601e+00
1.574064e+13 	 2.477423e+00
1.588077e+13 	 2.484274e+00
1.602214e+13 	 2.491156e+00
1.616476e+13 	 2.498067e+00
1.630866e+13 	 2.505009e+00
1.645384e+13 	 2.511981e+00
1.660031e+13 	 2.518985e+00
1.674808e+13 	 2.526018e+00
1.689717e+13 	 2.533083e+00
1.704759e+13 	 2.540179e+00
1.719935e+13 	 2.547307e+00
1.735246e+13 	 2.554465e+00
1.750693e+13 	 2.561656e+00
1.766277e+13 	 2.568878e+00
1.782000e+13 	 2.576132e+00
1.797864e+13 	 2.583418e+00
1.813868e+13 	 2.590737e+00
1.830015e+13 	 2.598088e+00
1.846305e+13 	 2.605471e+00
1.862741e+13 	 2.612888e+00
1.879323e+13 	 2.620337e+00
1.896053e+13 	 2.627820e+00
1.912931e+13 	 2.635335e+00
1.929960e+13 	 2.642885e+00
1.947140e+13 	 2.650468e+00
1.964474e+13 	 2.658084e+00
1.981961e+13 	 2.665735e+00
1.999604e+13 	 2.673420e+00
2.017405e+13 	 2.681140e+00
2.035363e+13 	 2.688893e+00
2.053482e+13 	 2.696682e+00
2.071762e+13 	 2.704506e+00
2.090205e+13 	 2.712364e+00
2.108812e+13 	 2.720258e+00
2.127584e+13 	 2.728188e+00
2.146524e+13 	 2.736153e+00
2.165632e+13 	 2.744153e+00
2.184910e+13 	 2.752190e+00
2.204360e+13 	 2.760264e+00
2.223983e+13 	 2.768373e+00
2.243781e+13 	 2.776519e+00
2.263755e+13 	 2.784702e+00
2.283906e+13 	 2.792922e+00
2.304237e+13 	 2.801179e+00
2.324750e+13 	 2.809474e+00
2.345444e+13 	 2.817806e+00
2.366323e+13 	 2.826176e+00
2.387388e+13 	 2.834584e+00
2.408640e+13 	 2.843030e+00
2.430082e+13 	 2.851514e+00
2.451714e+13 	 2.860037e+00
2.473539e+13 	 2.868599e+00
2.495559e+13 	 2.877200e+00
2.517774e+13 	 2.885840e+00
2.540187e+13 	 2.894520e+00
2.562799e+13 	 2.903239e+00
2.585613e+13 	 2.911998e+00
2.608630e+13 	 2.920797e+00
2.631852e+13 	 2.929637e+00
2.655280e+13 	 2.938516e+00
2.678917e+13 	 2.947437e+00
2.702765e+13 	 2.956398e+00
2.726825e+13 	 2.965401e+00
2.751099e+13 	 2.974445e+00
2.775589e+13 	 2.983530e+00
2.800297e+13 	 2.992658e+00
2.825225e+13 	 3.001827e+00
2.850375e+13 	 3.011039e+00
2.875749e+13 	 3.020293e+00
2.901348e+13 	 3.029590e+00
2.927176e+13 	 3.038929e+00
2.953233e+13 	 3.048312e+00
2.979523e+13 	 3.057739e+00
3.006046e+13 	 3.067209e+00
3.032806e+13 	 3.076723e+00
3.059803e+13 	 3.086280e+00
3.087042e+13 	 3.095883e+00
3.114522e+13 	 3.105530e+00
3.142247e+13 	 3.115221e+00
3.170219e+13 	 3.124958e+00
3.198440e+13 	 3.134740e+00
3.226913e+13 	 3.144568e+00
3.255638e+13 	 3.154441e+00
3.284620e+13 	 3.164361e+00
3.313859e+13 	 3.174327e+00
3.343359e+13 	 3.184339e+00
3.373121e+13 	 3.194398e+00
3.403149e+13 	 3.204504e+00
3.433443e+13 	 3.214658e+00
3.464007e+13 	 3.224859e+00
3.494844e+13 	 3.235108e+00
3.525954e+13 	 3.245405e+00
3.557342e+13 	 3.255751e+00
3.589009e+13 	 3.266145e+00
3.620958e+13 	 3.276588e+00
3.653192e+13 	 3.287080e+00
3.685712e+13 	 3.297622e+00
3.718522e+13 	 3.308213e+00
3.751624e+13 	 3.318855e+00
3.785021e+13 	 3.329546e+00
3.818715e+13 	 3.340288e+00
3.852709e+13 	 3.351081e+00
3.887005e+13 	 3.361925e+00
3.921607e+13 	 3.372821e+00
3.956517e+13 	 3.383768e+00
3.991737e+13 	 3.394767e+00
4.027271e+13 	 3.405818e+00
4.063122e+13 	 3.416922e+00
4.099291e+13 	 3.428079e+00
4.135783e+13 	 3.439288e+00
4.172599e+13 	 3.450551e+00
4.209743e+13 	 3.461868e+00
4.247218e+13 	 3.473239e+00
4.285027e+13 	 3.484664e+00
4.323172e+13 	 3.496144e+00
4.361656e+13 	 3.507678e+00
4.400483e+13 	 3.519268e+00
4.439656e+13 	 3.530913e+00
4.479177e+13 	 3.542615e+00
4.519051e+13 	 3.554372e+00
4.559279e+13 	 3.566186e+00
4.599865e+13 	 3.578056e+00
4.640813e+13 	 3.589984e+00
4.682125e+13 	 3.601969e+00
4.723805e+13 	 3.614011e+00
4.765856e+13 	 3.626112e+00
4.808281e+13 	 3.638271e+00
4.851084e+13 	 3.650489e+00
4.894268e+13 	 3.662766e+00
4.937836e+13 	 3.675102e+00
4.981792e+13 	 3.687498e+00
5.026140e+13 	 3.699954e+00
5.070882e+13 	 3.712470e+00
5.116023e+13 	 3.725047e+00
5.161565e+13 	 3.737686e+00
5.207513e+13 	 3.750385e+00
5.253870e+13 	 3.763146e+00
5.300639e+13 	 3.775970e+00
5.347825e+13 	 3.788856e+00
5.395431e+13 	 3.801804e+00
5.443461e+13 	 3.814816e+00
5.491918e+13 	 3.827891e+00
5.540807e+13 	 3.841031e+00
5.590130e+13 	 3.854234e+00
5.639893e+13 	 3.867502e+00
5.690099e+13 	 3.880835e+00
5.740752e+13 	 3.894233e+00
5.791856e+13 	 3.907697e+00
5.843414e+13 	 3.921228e+00
5.895432e+13 	 3.934824e+00
5.947912e+13 	 3.948488e+00
6.000860e+13 	 3.962218e+00
6.054279e+13 	 3.976017e+00
6.108174e+13 	 3.989883e+00
6.162548e+13 	 4.003818e+00
6.217407e+13 	 4.017821e+00
6.272754e+13 	 4.031894e+00
6.328593e+13 	 4.046036e+00
6.384930e+13 	 4.060248e+00
6.441768e+13 	 4.074531e+00
6.499112e+13 	 4.088884e+00
6.556967e+13 	 4.103309e+00
6.615336e+13 	 4.117805e+00
6.674225e+13 	 4.132373e+00
6.733639e+13 	 4.147014e+00
6.793581e+13 	 4.161727e+00
6.854057e+13 	 4.176514e+00
6.915071e+13 	 4.191374e+00
6.976629e+13 	 4.206309e+00
7.038734e+13 	 4.221318e+00
7.101392e+13 	 4.236402e+00
7.164608e+13 	 4.251561e+00
7.228387e+13 	 4.266796e+00
7.292733e+13 	 4.282108e+00
7.357653e+13 	 4.297496e+00
7.423150e+13 	 4.312962e+00
7.489230e+13 	 4.328505e+00
7.555899e+13 	 4.344126e+00
7.623161e+13 	 4.359826e+00
7.691021e+13 	 4.375604e+00
7.759486e+13 	 4.391462e+00
7.828561e+13 	 4.407400e+00
7.898250e+13 	 4.423419e+00
7.968559e+13 	 4.439518e+00
8.039495e+13 	 4.455699e+00
8.111062e+13 	 4.471961e+00
8.183266e+13 	 4.488306e+00
8.256112e+13 	 4.504734e+00
8.329608e+13 	 4.521244e+00
8.403757e+13 	 4.537839e+00
8.478567e+13 	 4.554518e+00
8.554042e+13 	 4.571281e+00
8.630190e+13 	 4.588130e+00
8.707015e+13 	 4.605065e+00
8.784524e+13 	 4.622085e+00
8.862723e+13 	 4.639193e+00
8.941618e+13 	 4.656387e+00
9.021216e+13 	 4.673670e+00
9.101522e+13 	 4.691041e+00
9.182543e+13 	 4.708501e+00
9.264285e+13 	 4.726050e+00
9.346755e+13 	 4.743688e+00
9.429959e+13 	 4.761418e+00
9.513904e+13 	 4.779238e+00
9.598596e+13 	 4.797150e+00
9.684042e+13 	 4.815154e+00
9.770248e+13 	 4.833250e+00
9.857222e+13 	 4.851440e+00
9.944970e+13 	 4.869723e+00
1.003350e+14 	 4.888100e+00
1.012282e+14 	 4.906573e+00
1.021293e+14 	 4.925140e+00
1.030384e+14 	 4.943804e+00
1.039557e+14 	 4.962564e+00
1.048811e+14 	 4.981421e+00
1.058147e+14 	 5.000376e+00
1.067567e+14 	 5.019429e+00
1.077070e+14 	 5.038582e+00
1.086658e+14 	 5.057833e+00
1.096332e+14 	 5.077185e+00
1.106091e+14 	 5.096637e+00
1.115937e+14 	 5.116190e+00
1.125871e+14 	 5.135845e+00
1.135894e+14 	 5.155603e+00
1.146005e+14 	 5.175464e+00
1.156207e+14 	 5.195429e+00
1.166499e+14 	 5.215497e+00
1.176884e+14 	 5.235671e+00
1.187360e+14 	 5.255951e+00
1.197930e+14 	 5.276336e+00
1.208594e+14 	 5.296829e+00
1.219352e+14 	 5.317429e+00
1.230207e+14 	 5.338137e+00
1.241158e+14 	 5.358954e+00
1.252207e+14 	 5.379881e+00
1.263354e+14 	 5.400918e+00
1.274600e+14 	 5.422065e+00
1.285947e+14 	 5.443324e+00
1.297394e+14 	 5.464695e+00
1.308943e+14 	 5.486179e+00
1.320595e+14 	 5.507777e+00
1.332351e+14 	 5.529489e+00
1.344212e+14 	 5.551315e+00
1.356178e+14 	 5.573258e+00
1.368250e+14 	 5.595317e+00
1.380430e+14 	 5.617492e+00
1.392719e+14 	 5.639786e+00
1.405117e+14 	 5.662198e+00
1.417625e+14 	 5.684729e+00
1.430245e+14 	 5.707380e+00
1.442977e+14 	 5.730152e+00
1.455822e+14 	 5.753045e+00
1.468781e+14 	 5.776061e+00
1.481856e+14 	 5.799199e+00
1.495048e+14 	 5.822461e+00
1.508356e+14 	 5.845848e+00
1.521784e+14 	 5.869360e+00
1.535331e+14 	 5.892997e+00
1.548998e+14 	 5.916762e+00
1.562787e+14 	 5.940654e+00
1.576699e+14 	 5.964674e+00
1.590734e+14 	 5.988824e+00
1.604895e+14 	 6.013103e+00
1.619182e+14 	 6.037513e+00
1.633595e+14 	 6.062055e+00
1.648138e+14 	 6.086729e+00
1.662809e+14 	 6.111536e+00
1.677611e+14 	 6.136477e+00
1.692545e+14 	 6.161553e+00
1.707612e+14 	 6.186765e+00
1.722813e+14 	 6.212113e+00
1.738150e+14 	 6.237598e+00
1.753622e+14 	 6.263222e+00
1.769233e+14 	 6.288985e+00
1.784983e+14 	 6.314888e+00
1.800872e+14 	 6.340932e+00
1.816904e+14 	 6.367117e+00
1.833078e+14 	 6.393445e+00
1.849395e+14 	 6.419917e+00
1.865859e+14 	 6.446532e+00
1.882468e+14 	 6.473294e+00
1.899226e+14 	 6.500201e+00
1.916133e+14 	 6.527256e+00
1.933190e+14 	 6.554458e+00
1.950399e+14 	 6.581810e+00
1.967761e+14 	 6.609312e+00
1.985278e+14 	 6.636964e+00
2.002951e+14 	 6.664768e+00
2.020781e+14 	 6.692725e+00
2.038770e+14 	 6.720836e+00
2.056919e+14 	 6.749102e+00
2.075229e+14 	 6.777523e+00
2.093703e+14 	 6.806101e+00
2.112341e+14 	 6.834836e+00
2.131145e+14 	 6.863731e+00
2.150116e+14 	 6.892785e+00
2.169256e+14 	 6.921999e+00
2.188567e+14 	 6.951376e+00
2.208049e+14 	 6.980915e+00
2.227705e+14 	 7.010618e+00
2.247536e+14 	 7.040485e+00
2.267543e+14 	 7.070519e+00
2.287729e+14 	 7.100720e+00
2.308094e+14 	 7.131088e+00
2.328640e+14 	 7.161626e+00
2.349370e+14 	 7.192334e+00
2.370283e+14 	 7.223213e+00
2.391384e+14 	 7.254264e+00
2.412671e+14 	 7.285489e+00
2.434149e+14 	 7.316889e+00
2.455817e+14 	 7.348464e+00
2.477679e+14 	 7.380216e+00
2.499735e+14 	 7.412146e+00
2.521987e+14 	 7.444255e+00
2.544438e+14 	 7.476544e+00
2.567088e+14 	 7.509015e+00
2.589940e+14 	 7.541668e+00
2.612996e+14 	 7.574506e+00
2.636256e+14 	 7.607528e+00
2.659724e+14 	 7.640736e+00
2.683401e+14 	 7.674131e+00
2.707288e+14 	 7.707715e+00
2.731388e+14 	 7.741489e+00
2.755703e+14 	 7.775454e+00
2.780234e+14 	 7.809611e+00
2.804983e+14 	 7.843962e+00
2.829953e+14 	 7.878507e+00
2.855145e+14 	 7.913248e+00
2.880561e+14 	 7.948187e+00
2.906204e+14 	 7.983324e+00
2.932075e+14 	 8.018661e+00
2.958176e+14 	 8.054200e+00
2.984509e+14 	 8.089940e+00
3.011077e+14 	 8.125885e+00
3.037881e+14 	 8.162035e+00
3.064924e+14 	 8.198391e+00
3.092208e+14 	 8.234955e+00
3.119735e+14 	 8.271728e+00
3.147506e+14 	 8.308712e+00
3.175525e+14 	 8.345908e+00
3.203793e+14 	 8.383317e+00
3.232313e+14 	 8.420941e+00
3.261087e+14 	 8.458781e+00
3.290117e+14 	 8.496838e+00
3.319405e+14 	 8.535115e+00
3.348954e+14 	 8.573612e+00
3.378766e+14 	 8.612331e+00
3.408844e+14 	 8.651273e+00
3.439189e+14 	 8.690440e+00
3.469805e+14 	 8.729833e+00
3.500692e+14 	 8.769455e+00
3.531855e+14 	 8.809305e+00
3.563296e+14 	 8.849386e+00
3.595016e+14 	 8.889700e+00
3.627018e+14 	 8.930248e+00
3.659306e+14 	 8.971031e+00
3.691881e+14 	 9.012051e+00
3.724745e+14 	 9.053310e+00
3.757903e+14 	 9.094809e+00
3.791355e+14 	 9.136550e+00
3.825106e+14 	 9.178534e+00
3.859156e+14 	 9.220763e+00
3.893510e+14 	 9.263239e+00
3.928170e+14 	 9.305963e+00
3.963138e+14 	 9.348937e+00
3.998418e+14 	 9.392163e+00
4.034011e+14 	 9.435642e+00
4.069922e+14 	 9.479376e+00
4.106152e+14 	 9.523367e+00
4.142704e+14 	 9.567616e+00
4.179582e+14 	 9.612125e+00
4.216789e+14 	 9.656896e+00
4.254326e+14 	 9.701931e+00
4.292198e+14 	 9.747232e+00
4.330407e+14 	 9.792800e+00
4.368956e+14 	 9.838636e+00
4.407848e+14 	 9.884744e+00
4.447086e+14 	 9.931124e+00
4.486674e+14 	 9.977779e+00
4.526614e+14 	 1.002471e+01
4.566909e+14 	 1.007192e+01
4.607563e+14 	 1.011941e+01
4.648579e+14 	 1.016718e+01
4.689961e+14 	 1.021524e+01
4.731710e+14 	 1.026358e+01
4.773832e+14 	 1.031221e+01
4.816328e+14 	 1.036113e+01
4.859202e+14 	 1.041034e+01
4.902459e+14 	 1.045984e+01
4.946100e+14 	 1.050964e+01
4.990130e+14 	 1.055974e+01
5.034551e+14 	 1.061014e+01
5.079369e+14 	 1.066084e+01
5.124585e+14 	 1.071184e+01
5.170203e+14 	 1.076315e+01
5.216228e+14 	 1.081477e+01
5.262663e+14 	 1.086669e+01
5.309510e+14 	 1.091893e+01
5.356775e+14 	 1.097149e+01
5.404461e+14 	 1.102436e+01
5.452571e+14 	 1.107755e+01
5.501109e+14 	 1.113106e+01
5.550079e+14 	 1.118489e+01
5.599486e+14 	 1.123905e+01
5.649332e+14 	 1.129354e+01
5.699622e+14 	 1.134836e+01
5.750359e+14 	 1.140350e+01
5.801549e+14 	 1.145899e+01
5.853194e+14 	 1.151481e+01
5.905298e+14 	 1.157097e+01
5.957867e+14 	 1.162747e+01
6.010903e+14 	 1.168431e+01
6.064412e+14 	 1.174150e+01
6.118397e+14 	 1.179904e+01
6.172862e+14 	 1.185693e+01
6.227812e+14 	 1.191517e+01
6.283252e+14 	 1.197377e+01
6.339185e+14 	 1.203273e+01
6.395616e+14 	 1.209205e+01
6.452549e+14 	 1.215173e+01
6.509989e+14 	 1.221177e+01
6.567940e+14 	 1.227219e+01
6.626408e+14 	 1.233298e+01
6.685395e+14 	 1.239414e+01
6.744908e+14 	 1.245567e+01
6.804951e+14 	 1.251759e+01
6.865528e+14 	 1.257988e+01
6.926644e+14 	 1.264257e+01
6.988305e+14 	 1.270563e+01
7.050514e+14 	 1.276909e+01
7.113277e+14 	 1.283294e+01
7.176599e+14 	 1.289718e+01
7.240484e+14 	 1.296183e+01
7.304938e+14 	 1.302687e+01
7.369966e+14 	 1.309232e+01
7.435573e+14 	 1.315817e+01
7.501764e+14 	 1.322443e+01
7.568544e+14 	 1.329110e+01
7.635919e+14 	 1.335819e+01
7.703893e+14 	 1.342570e+01
7.772472e+14 	 1.349363e+01
7.841662e+14 	 1.356198e+01
7.911468e+14 	 1.363075e+01
7.981895e+14 	 1.369996e+01
8.052949e+14 	 1.376960e+01
8.124636e+14 	 1.383968e+01
8.196961e+14 	 1.391019e+01
8.269930e+14 	 1.398115e+01
8.343548e+14 	 1.405255e+01
8.417821e+14 	 1.412440e+01
8.492756e+14 	 1.419671e+01
8.568358e+14 	 1.426946e+01
8.644633e+14 	 1.434268e+01
8.721587e+14 	 1.441636e+01
8.799225e+14 	 1.449050e+01
8.877555e+14 	 1.456511e+01
8.956583e+14 	 1.464019e+01
9.036313e+14 	 1.471575e+01
9.116754e+14 	 1.479178e+01
9.197911e+14 	 1.486830e+01
9.279790e+14 	 1.494530e+01
9.362397e+14 	 1.502279e+01
9.445741e+14 	 1.510077e+01
9.529826e+14 	 1.517925e+01
9.614660e+14 	 1.525823e+01
9.700249e+14 	 1.533771e+01
9.786599e+14 	 1.541770e+01
9.873719e+14 	 1.549819e+01
9.961614e+14 	 1.557920e+01
1.005029e+15 	 1.566073e+01
1.013976e+15 	 1.574278e+01
1.023002e+15 	 1.582536e+01
1.032109e+15 	 1.590846e+01
1.041297e+15 	 1.599210e+01
1.050566e+15 	 1.607628e+01
1.059918e+15 	 1.616099e+01
1.069353e+15 	 1.624625e+01
1.078873e+15 	 1.633206e+01
1.088477e+15 	 1.641842e+01
1.098166e+15 	 1.650534e+01
1.107942e+15 	 1.659282e+01
1.117805e+15 	 1.668086e+01
1.127756e+15 	 1.676947e+01
1.137795e+15 	 1.685866e+01
1.147923e+15 	 1.694842e+01
1.158142e+15 	 1.703877e+01
1.168452e+15 	 1.712970e+01
1.178853e+15 	 1.722122e+01
1.189347e+15 	 1.731333e+01
1.199935e+15 	 1.740605e+01
1.210616e+15 	 1.749937e+01
1.221393e+15 	 1.759329e+01
1.232266e+15 	 1.768783e+01
1.243235e+15 	 1.778298e+01
1.254303e+15 	 1.787876e+01
1.265468e+15 	 1.797516e+01
1.276733e+15 	 1.807219e+01
1.288099e+15 	 1.816986e+01
1.299565e+15 	 1.826817e+01
1.311134e+15 	 1.836712e+01
1.322806e+15 	 1.846672e+01
1.334581e+15 	 1.856698e+01
1.346461e+15 	 1.866790e+01
1.358447e+15 	 1.876948e+01
1.370540e+15 	 1.887173e+01
1.382741e+15 	 1.897465e+01
1.395050e+15 	 1.907825e+01
1.407468e+15 	 1.918254e+01
1.419998e+15 	 1.928751e+01
1.432638e+15 	 1.939318e+01
1.445391e+15 	 1.949955e+01
1.458258e+15 	 1.960663e+01
1.471239e+15 	 1.971441e+01
1.484336e+15 	 1.982292e+01
1.497550e+15 	 1.993214e+01
1.510881e+15 	 2.004208e+01
1.524331e+15 	 2.015276e+01
1.537900e+15 	 2.026418e+01
1.551590e+15 	 2.037634e+01
1.565402e+15 	 2.048925e+01
1.579337e+15 	 2.060291e+01
1.593397e+15 	 2.071733e+01
1.607581e+15 	 2.083252e+01
1.621891e+15 	 2.094848e+01
1.636329e+15 	 2.106522e+01
1.650896e+15 	 2.118274e+01
1.665592e+15 	 2.130104e+01
1.680419e+15 	 2.142015e+01
1.695378e+15 	 2.154005e+01
1.710470e+15 	 2.166076e+01
1.725696e+15 	 2.178228e+01
1.741058e+15 	 2.190463e+01
1.756557e+15 	 2.202779e+01
1.772194e+15 	 2.215179e+01
1.787970e+15 	 2.227663e+01
1.803886e+15 	 2.240231e+01
1.819944e+15 	 2.252883e+01
1.836145e+15 	 2.265622e+01
1.852491e+15 	 2.278446e+01
1.868981e+15 	 2.291358e+01
1.885619e+15 	 2.304357e+01
1.902404e+15 	 2.317444e+01
1.919339e+15 	 2.330620e+01
1.936425e+15 	 2.343885e+01
1.953663e+15 	 2.357241e+01
1.971054e+15 	 2.370687e+01
1.988601e+15 	 2.384225e+01
2.006303e+15 	 2.397855e+01
2.024163e+15 	 2.411578e+01
2.042182e+15 	 2.425394e+01
2.060361e+15 	 2.439305e+01
2.078702e+15 	 2.453310e+01
2.097207e+15 	 2.467412e+01
2.115876e+15 	 2.481609e+01
2.134711e+15 	 2.495904e+01
2.153714e+15 	 2.510297e+01
2.172886e+15 	 2.524788e+01
2.192229e+15 	 2.539378e+01
2.211744e+15 	 2.554068e+01
2.231433e+15 	 2.568859e+01
2.251297e+15 	 2.583752e+01
2.271338e+15 	 2.598747e+01
2.291557e+15 	 2.613845e+01
2.311957e+15 	 2.629047e+01
2.332537e+15 	 2.644354e+01
2.353301e+15 	 2.659766e+01
2.374250e+15 	 2.675284e+01
2.395386e+15 	 2.690909e+01
2.416709e+15 	 2.706642e+01
2.438223e+15 	 2.722484e+01
2.459927e+15 	 2.738435e+01
2.481825e+15 	 2.754496e+01
2.503919e+15 	 2.770669e+01
2.526208e+15 	 2.786953e+01
2.548696e+15 	 2.803350e+01
2.571385e+15 	 2.819861e+01
2.594275e+15 	 2.836487e+01
2.617369e+15 	 2.853228e+01
2.640668e+15 	 2.870085e+01
2.664175e+15 	 2.887059e+01
2.687892e+15 	 2.904151e+01
2.711819e+15 	 2.921362e+01
2.735959e+15 	 2.938693e+01
2.760315e+15 	 2.956145e+01
2.784887e+15 	 2.973718e+01
2.809678e+15 	 2.991414e+01
2.834689e+15 	 3.009233e+01
2.859923e+15 	 3.027177e+01
2.885382e+15 	 3.045246e+01
2.911068e+15 	 3.063442e+01
2.936982e+15 	 3.081765e+01
2.963126e+15 	 3.100216e+01
2.989504e+15 	 3.118796e+01
3.016116e+15 	 3.137507e+01
3.042965e+15 	 3.156349e+01
3.070054e+15 	 3.175323e+01
3.097383e+15 	 3.194431e+01
3.124956e+15 	 3.213673e+01
3.152774e+15 	 3.233050e+01
3.180840e+15 	 3.252563e+01
3.209155e+15 	 3.272214e+01
3.237723e+15 	 3.292004e+01
3.266545e+15 	 3.311932e+01
3.295623e+15 	 3.332002e+01
3.324961e+15 	 3.352213e+01
3.354559e+15 	 3.372567e+01
3.384421e+15 	 3.393065e+01
3.414549e+15 	 3.413707e+01
3.444945e+15 	 3.434496e+01
3.475612e+15 	 3.455432e+01
3.506551e+15 	 3.476517e+01
3.537766e+15 	 3.497752e+01
3.569259e+15 	 3.519138e+01
3.601032e+15 	 3.540677e+01
3.633088e+15 	 3.562369e+01
3.665430e+15 	 3.584216e+01
3.698059e+15 	 3.606220e+01
3.730979e+15 	 3.628382e+01
3.764192e+15 	 3.650703e+01
3.797700e+15 	 3.673185e+01
3.831507e+15 	 3.695828e+01
3.865615e+15 	 3.718635e+01
3.900026e+15 	 3.741607e+01
3.934744e+15 	 3.764745e+01
3.969771e+15 	 3.788050e+01
4.005109e+15 	 3.811525e+01
4.040763e+15 	 3.835170e+01
4.076733e+15 	 3.858988e+01
4.113024e+15 	 3.882979e+01
4.149638e+15 	 3.907145e+01
4.186577e+15 	 3.931488e+01
4.223846e+15 	 3.956009e+01
4.261446e+15 	 3.980710e+01
4.299381e+15 	 4.005592e+01
4.337654e+15 	 4.030657e+01
4.376267e+15 	 4.055907e+01
4.415225e+15 	 4.081343e+01
4.454529e+15 	 4.106967e+01
4.494182e+15 	 4.132781e+01
4.534189e+15 	 4.158786e+01
4.574552e+15 	 4.184983e+01
4.615274e+15 	 4.211375e+01
4.656359e+15 	 4.237964e+01
4.697810e+15 	 4.264751e+01
4.739629e+15 	 4.291738e+01
4.781821e+15 	 4.318926e+01
4.824388e+15 	 4.346318e+01
4.867335e+15 	 4.373915e+01
4.910663e+15 	 4.401720e+01
4.954378e+15 	 4.429733e+01
4.998481e+15 	 4.457957e+01
5.042977e+15 	 4.486394e+01
5.087869e+15 	 4.515046e+01
5.133161e+15 	 4.543915e+01
5.178856e+15 	 4.573002e+01
5.224958e+15 	 4.602310e+01
5.271470e+15 	 4.631840e+01
5.318396e+15 	 4.661595e+01
5.365740e+15 	 4.691577e+01
5.413505e+15 	 4.721787e+01
5.461696e+15 	 4.752228e+01
5.510316e+15 	 4.782902e+01
5.559368e+15 	 4.813812e+01
5.608857e+15 	 4.844958e+01
5.658787e+15 	 4.876344e+01
5.709161e+15 	 4.907971e+01
5.759983e+15 	 4.939842e+01
5.811258e+15 	 4.971960e+01
5.862989e+15 	 5.004325e+01
5.915181e+15 	 5.036941e+01
5.967838e+15 	 5.069810e+01
6.020963e+15 	 5.102935e+01
6.074561e+15 	 5.136317e+01
6.128636e+15 	 5.169958e+01
6.183193e+15 	 5.203863e+01
6.238235e+15 	 5.238032e+01
6.293767e+15 	 5.272468e+01
6.349794e+15 	 5.307174e+01
6.406319e+15 	 5.342153e+01
6.463348e+15 	 5.377406e+01
6.520884e+15 	 5.412937e+01
6.578932e+15 	 5.448748e+01
6.637497e+15 	 5.484841e+01
6.696584e+15 	 5.521220e+01
6.756196e+15 	 5.557887e+01
6.816339e+15 	 5.594844e+01
6.877018e+15 	 5.632095e+01
6.938236e+15 	 5.669642e+01
7.000000e+15 	 5.707487e+01
