#Omega_b = 0.050000
#Omega_m = 0.300000
#Omega_de = 0.680000
#hubble = 0.700000
#w0 = -0.800000
#wa = 0.200000
#sigma8 = 0.800000
#n_s = 0.960000
#
#k Delta(k)^2 ;; k is in h Mpc^-1
   1.42857e-04 	    1.68994e-10
   1.45181e-04 	    1.77345e-10
   1.47542e-04 	    1.86201e-10
   1.49942e-04 	    1.95577e-10
   1.52381e-04 	    2.05511e-10
   1.54859e-04 	    2.16064e-10
   1.57378e-04 	    2.27249e-10
   1.59938e-04 	    2.39100e-10
   1.62539e-04 	    2.51680e-10
   1.65183e-04 	    2.65033e-10
   1.67870e-04 	    2.79181e-10
   1.70600e-04 	    2.94196e-10
   1.73375e-04 	    3.10118e-10
   1.76195e-04 	    3.27014e-10
   1.79061e-04 	    3.44959e-10
   1.81973e-04 	    3.63990e-10
   1.84933e-04 	    3.84160e-10
   1.87941e-04 	    4.05586e-10
   1.90998e-04 	    4.28328e-10
   1.94104e-04 	    4.52453e-10
   1.97261e-04 	    4.78069e-10
   2.00470e-04 	    5.05242e-10
   2.03731e-04 	    5.34085e-10
   2.07044e-04 	    5.64684e-10
   2.10412e-04 	    5.97169e-10
   2.13834e-04 	    6.31671e-10
   2.17312e-04 	    6.68252e-10
   2.20847e-04 	    7.07174e-10
   2.24439e-04 	    7.48492e-10
   2.28089e-04 	    7.92324e-10
   2.31799e-04 	    8.38933e-10
   2.35570e-04 	    8.88477e-10
   2.39401e-04 	    9.41109e-10
   2.43295e-04 	    9.97002e-10
   2.47252e-04 	    1.05639e-09
   2.51274e-04 	    1.11954e-09
   2.55361e-04 	    1.18667e-09
   2.59514e-04 	    1.25808e-09
   2.63735e-04 	    1.33394e-09
   2.68025e-04 	    1.41462e-09
   2.72384e-04 	    1.50048e-09
   2.76815e-04 	    1.59170e-09
   2.81317e-04 	    1.68882e-09
   2.85893e-04 	    1.79204e-09
   2.90543e-04 	    1.90182e-09
   2.95269e-04 	    2.01871e-09
   3.00071e-04 	    2.14301e-09
   3.04952e-04 	    2.27523e-09
   3.09912e-04 	    2.41599e-09
   3.14953e-04 	    2.56579e-09
   3.20075e-04 	    2.72517e-09
   3.25281e-04 	    2.89480e-09
   3.30572e-04 	    3.07531e-09
   3.35949e-04 	    3.26745e-09
   3.41413e-04 	    3.47189e-09
   3.46966e-04 	    3.68952e-09
   3.52610e-04 	    3.92136e-09
   3.58345e-04 	    4.16799e-09
   3.64174e-04 	    4.43049e-09
   3.70097e-04 	    4.70999e-09
   3.76116e-04 	    5.00755e-09
   3.82234e-04 	    5.32435e-09
   3.88451e-04 	    5.66178e-09
   3.94769e-04 	    6.02081e-09
   4.01190e-04 	    6.40311e-09
   4.07716e-04 	    6.81029e-09
   4.14347e-04 	    7.24370e-09
   4.21087e-04 	    7.70501e-09
   4.27936e-04 	    8.19631e-09
   4.34896e-04 	    8.71955e-09
   4.41970e-04 	    9.27638e-09
   4.49158e-04 	    9.86906e-09
   4.56464e-04 	    1.05004e-08
   4.63888e-04 	    1.11722e-08
   4.71434e-04 	    1.18877e-08
   4.79101e-04 	    1.26492e-08
   4.86894e-04 	    1.34598e-08
   4.94813e-04 	    1.43231e-08
   5.02862e-04 	    1.52415e-08
   5.11041e-04 	    1.62193e-08
   5.19353e-04 	    1.72602e-08
   5.27800e-04 	    1.83678e-08
   5.36385e-04 	    1.95461e-08
   5.45109e-04 	    2.08008e-08
   5.53975e-04 	    2.21364e-08
   5.62986e-04 	    2.35572e-08
   5.72143e-04 	    2.50693e-08
   5.81449e-04 	    2.66785e-08
   5.90906e-04 	    2.83899e-08
   6.00517e-04 	    3.02125e-08
   6.10285e-04 	    3.21520e-08
   6.20211e-04 	    3.42155e-08
   6.30299e-04 	    3.64119e-08
   6.40551e-04 	    3.87484e-08
   6.50969e-04 	    4.12353e-08
   6.61558e-04 	    4.38814e-08
   6.72318e-04 	    4.66969e-08
   6.83253e-04 	    4.96931e-08
   6.94366e-04 	    5.28804e-08
   7.05660e-04 	    5.62722e-08
   7.17138e-04 	    5.98827e-08
   7.28802e-04 	    6.37237e-08
   7.40656e-04 	    6.78087e-08
   7.52703e-04 	    7.21560e-08
   7.64946e-04 	    7.67822e-08
   7.77388e-04 	    8.17037e-08
   7.90032e-04 	    8.69388e-08
   8.02882e-04 	    9.25083e-08
   8.15941e-04 	    9.84345e-08
   8.29212e-04 	    1.04741e-07
   8.42699e-04 	    1.11447e-07
   8.56406e-04 	    1.18581e-07
   8.70336e-04 	    1.26170e-07
   8.84492e-04 	    1.34242e-07
   8.98878e-04 	    1.42833e-07
   9.13498e-04 	    1.51968e-07
   9.28356e-04 	    1.61684e-07
   9.43456e-04 	    1.72021e-07
   9.58802e-04 	    1.83017e-07
   9.74397e-04 	    1.94710e-07
   9.90245e-04 	    2.07152e-07
   1.00635e-03 	    2.20383e-07
   1.02272e-03 	    2.34459e-07
   1.03935e-03 	    2.49440e-07
   1.05626e-03 	    2.65362e-07
   1.07344e-03 	    2.82300e-07
   1.09090e-03 	    3.00326e-07
   1.10864e-03 	    3.19493e-07
   1.12668e-03 	    3.39874e-07
   1.14500e-03 	    3.61567e-07
   1.16362e-03 	    3.84627e-07
   1.18255e-03 	    4.09161e-07
   1.20179e-03 	    4.35273e-07
   1.22133e-03 	    4.63035e-07
   1.24120e-03 	    4.92536e-07
   1.26139e-03 	    5.23942e-07
   1.28190e-03 	    5.57362e-07
   1.30275e-03 	    5.92912e-07
   1.32394e-03 	    6.30715e-07
   1.34548e-03 	    6.70911e-07
   1.36736e-03 	    7.13680e-07
   1.38960e-03 	    7.59193e-07
   1.41220e-03 	    8.07599e-07
   1.43517e-03 	    8.59074e-07
   1.45852e-03 	    9.13823e-07
   1.48224e-03 	    9.72049e-07
   1.50635e-03 	    1.03404e-06
   1.53085e-03 	    1.09996e-06
   1.55575e-03 	    1.17003e-06
   1.58105e-03 	    1.24461e-06
   1.60677e-03 	    1.32393e-06
   1.63290e-03 	    1.40828e-06
   1.65946e-03 	    1.49800e-06
   1.68645e-03 	    1.59345e-06
   1.71388e-03 	    1.69493e-06
   1.74176e-03 	    1.80287e-06
   1.77009e-03 	    1.91772e-06
   1.79888e-03 	    2.03985e-06
   1.82814e-03 	    2.16971e-06
   1.85787e-03 	    2.30782e-06
   1.88809e-03 	    2.45466e-06
   1.91880e-03 	    2.61084e-06
   1.95001e-03 	    2.77695e-06
   1.98173e-03 	    2.95353e-06
   2.01396e-03 	    3.14133e-06
   2.04672e-03 	    3.34115e-06
   2.08001e-03 	    3.55351e-06
   2.11384e-03 	    3.77921e-06
   2.14822e-03 	    4.01931e-06
   2.18316e-03 	    4.27465e-06
   2.21867e-03 	    4.54599e-06
   2.25476e-03 	    4.83457e-06
   2.29143e-03 	    5.14127e-06
   2.32870e-03 	    5.46731e-06
   2.36658e-03 	    5.81401e-06
   2.40507e-03 	    6.18255e-06
   2.44419e-03 	    6.57427e-06
   2.48395e-03 	    6.99079e-06
   2.52435e-03 	    7.43348e-06
   2.56541e-03 	    7.90388e-06
   2.60713e-03 	    8.40391e-06
   2.64954e-03 	    8.93538e-06
   2.69263e-03 	    9.50005e-06
   2.73643e-03 	    1.01003e-05
   2.78094e-03 	    1.07382e-05
   2.82617e-03 	    1.14158e-05
   2.87214e-03 	    1.21363e-05
   2.91885e-03 	    1.29006e-05
   2.96633e-03 	    1.37131e-05
   3.01458e-03 	    1.45774e-05
   3.06361e-03 	    1.54948e-05
   3.11344e-03 	    1.64680e-05
   3.16408e-03 	    1.75031e-05
   3.21554e-03 	    1.86027e-05
   3.26784e-03 	    1.97709e-05
   3.32100e-03 	    2.10112e-05
   3.37501e-03 	    2.23268e-05
   3.42991e-03 	    2.37253e-05
   3.48569e-03 	    2.52098e-05
   3.54239e-03 	    2.67846e-05
   3.60001e-03 	    2.84576e-05
   3.65856e-03 	    3.02359e-05
   3.71807e-03 	    3.21211e-05
   3.77854e-03 	    3.41228e-05
   3.84000e-03 	    3.62466e-05
   3.90246e-03 	    3.85002e-05
   3.96593e-03 	    4.08943e-05
   4.03044e-03 	    4.34328e-05
   4.09599e-03 	    4.61240e-05
   4.16262e-03 	    4.89814e-05
   4.23032e-03 	    5.20145e-05
   4.29913e-03 	    5.52304e-05
   4.36905e-03 	    5.86427e-05
   4.44012e-03 	    6.22610e-05
   4.51234e-03 	    6.60960e-05
   4.58573e-03 	    7.01635e-05
   4.66032e-03 	    7.44780e-05
   4.73612e-03 	    7.90502e-05
   4.81315e-03 	    8.39011e-05
   4.89144e-03 	    8.90395e-05
   4.97100e-03 	    9.44847e-05
   5.05185e-03 	    1.00259e-04
   5.13402e-03 	    1.06377e-04
   5.21752e-03 	    1.12861e-04
   5.30239e-03 	    1.19731e-04
   5.38863e-03 	    1.27009e-04
   5.47628e-03 	    1.34719e-04
   5.56535e-03 	    1.42880e-04
   5.65587e-03 	    1.51525e-04
   5.74787e-03 	    1.60683e-04
   5.84135e-03 	    1.70379e-04
   5.93636e-03 	    1.80640e-04
   6.03292e-03 	    1.91499e-04
   6.13105e-03 	    2.03001e-04
   6.23077e-03 	    2.15163e-04
   6.33211e-03 	    2.28033e-04
   6.43510e-03 	    2.41660e-04
   6.53977e-03 	    2.56074e-04
   6.64614e-03 	    2.71311e-04
   6.75424e-03 	    2.87443e-04
   6.86410e-03 	    3.04492e-04
   6.97575e-03 	    3.22507e-04
   7.08921e-03 	    3.41563e-04
   7.20451e-03 	    3.61701e-04
   7.32170e-03 	    3.82997e-04
   7.44078e-03 	    4.05492e-04
   7.56181e-03 	    4.29253e-04
   7.68480e-03 	    4.54358e-04
   7.80980e-03 	    4.80863e-04
   7.93682e-03 	    5.08859e-04
   8.06592e-03 	    5.38437e-04
   8.19711e-03 	    5.69657e-04
   8.33044e-03 	    6.02590e-04
   8.46593e-03 	    6.37350e-04
   8.60363e-03 	    6.74034e-04
   8.74357e-03 	    7.12721e-04
   8.88578e-03 	    7.53532e-04
   9.03031e-03 	    7.96587e-04
   9.17719e-03 	    8.41971e-04
   9.32646e-03 	    8.89783e-04
   9.47815e-03 	    9.40210e-04
   9.63232e-03 	    9.93364e-04
   9.78899e-03 	    1.04932e-03
   9.94821e-03 	    1.10823e-03
   1.01100e-02 	    1.17031e-03
   1.02745e-02 	    1.23569e-03
   1.04416e-02 	    1.30445e-03
   1.06114e-02 	    1.37680e-03
   1.07840e-02 	    1.45295e-03
   1.09594e-02 	    1.53302e-03
   1.11377e-02 	    1.61717e-03
   1.13188e-02 	    1.70573e-03
   1.15029e-02 	    1.79880e-03
   1.16900e-02 	    1.89651e-03
   1.18801e-02 	    1.99928e-03
   1.20734e-02 	    2.10712e-03
   1.22698e-02 	    2.22039e-03
   1.24693e-02 	    2.33935e-03
   1.26721e-02 	    2.46408e-03
   1.28783e-02 	    2.59488e-03
   1.30877e-02 	    2.73205e-03
   1.33006e-02 	    2.87578e-03
   1.35169e-02 	    3.02633e-03
   1.37368e-02 	    3.18393e-03
   1.39602e-02 	    3.34880e-03
   1.41873e-02 	    3.52147e-03
   1.44180e-02 	    3.70222e-03
   1.46525e-02 	    3.89146e-03
   1.48909e-02 	    4.08960e-03
   1.51331e-02 	    4.29703e-03
   1.53792e-02 	    4.51441e-03
   1.56294e-02 	    4.74191e-03
   1.58836e-02 	    4.98004e-03
   1.61419e-02 	    5.22922e-03
   1.64045e-02 	    5.48965e-03
   1.66713e-02 	    5.76170e-03
   1.69424e-02 	    6.04536e-03
   1.72180e-02 	    6.34093e-03
   1.74981e-02 	    6.64883e-03
   1.77827e-02 	    6.96919e-03
   1.80719e-02 	    7.30204e-03
   1.83659e-02 	    7.64790e-03
   1.86646e-02 	    8.00709e-03
   1.89682e-02 	    8.37955e-03
   1.92767e-02 	    8.76557e-03
   1.95902e-02 	    9.16593e-03
   1.99088e-02 	    9.58040e-03
   2.02327e-02 	    1.00089e-02
   2.05618e-02 	    1.04521e-02
   2.08962e-02 	    1.09112e-02
   2.12361e-02 	    1.13863e-02
   2.15815e-02 	    1.18773e-02
   2.19325e-02 	    1.23859e-02
   2.22892e-02 	    1.29120e-02
   2.26518e-02 	    1.34558e-02
   2.30202e-02 	    1.40193e-02
   2.33946e-02 	    1.46020e-02
   2.37751e-02 	    1.52039e-02
   2.41619e-02 	    1.58257e-02
   2.45548e-02 	    1.64680e-02
   2.49542e-02 	    1.71315e-02
   2.53601e-02 	    1.78157e-02
   2.57726e-02 	    1.85211e-02
   2.61918e-02 	    1.92484e-02
   2.66178e-02 	    1.99969e-02
   2.70507e-02 	    2.07653e-02
   2.74907e-02 	    2.15547e-02
   2.79379e-02 	    2.23636e-02
   2.83923e-02 	    2.31922e-02
   2.88541e-02 	    2.40389e-02
   2.93234e-02 	    2.49031e-02
   2.98003e-02 	    2.57888e-02
   3.02850e-02 	    2.66958e-02
   3.07776e-02 	    2.76270e-02
   3.12782e-02 	    2.85875e-02
   3.17870e-02 	    2.95802e-02
   3.23040e-02 	    3.06063e-02
   3.28294e-02 	    3.16735e-02
   3.33634e-02 	    3.27806e-02
   3.39061e-02 	    3.39290e-02
   3.44575e-02 	    3.51191e-02
   3.50180e-02 	    3.63453e-02
   3.55876e-02 	    3.76077e-02
   3.61664e-02 	    3.89064e-02
   3.67547e-02 	    4.02347e-02
   3.73525e-02 	    4.15888e-02
   3.79600e-02 	    4.29727e-02
   3.85774e-02 	    4.43873e-02
   3.92049e-02 	    4.58318e-02
   3.98426e-02 	    4.73100e-02
   4.04906e-02 	    4.88274e-02
   4.11492e-02 	    5.03864e-02
   4.18185e-02 	    5.19865e-02
   4.24987e-02 	    5.36369e-02
   4.31899e-02 	    5.53421e-02
   4.38924e-02 	    5.71090e-02
   4.46063e-02 	    5.89498e-02
   4.53319e-02 	    6.08749e-02
   4.60692e-02 	    6.28937e-02
   4.68185e-02 	    6.50165e-02
   4.75800e-02 	    6.72608e-02
   4.83539e-02 	    6.96390e-02
   4.91404e-02 	    7.21480e-02
   4.99397e-02 	    7.47963e-02
   5.07519e-02 	    7.75822e-02
   5.15774e-02 	    8.05045e-02
   5.24163e-02 	    8.35648e-02
   5.32689e-02 	    8.67590e-02
   5.41353e-02 	    9.00805e-02
   5.50158e-02 	    9.35342e-02
   5.59107e-02 	    9.71275e-02
   5.68200e-02 	    1.00854e-01
   5.77442e-02 	    1.04704e-01
   5.86834e-02 	    1.08698e-01
   5.96379e-02 	    1.12822e-01
   6.06079e-02 	    1.17073e-01
   6.15937e-02 	    1.21458e-01
   6.25956e-02 	    1.25975e-01
   6.36137e-02 	    1.30608e-01
   6.46484e-02 	    1.35370e-01
   6.56999e-02 	    1.40241e-01
   6.67685e-02 	    1.45207e-01
   6.78545e-02 	    1.50275e-01
   6.89582e-02 	    1.55428e-01
   7.00798e-02 	    1.60648e-01
   7.12196e-02 	    1.65913e-01
   7.23780e-02 	    1.71195e-01
   7.35552e-02 	    1.76464e-01
   7.47516e-02 	    1.81689e-01
   7.59675e-02 	    1.86835e-01
   7.72031e-02 	    1.91885e-01
   7.84588e-02 	    1.96833e-01
   7.97349e-02 	    2.01670e-01
   8.10318e-02 	    2.06398e-01
   8.23498e-02 	    2.11007e-01
   8.36893e-02 	    2.15502e-01
   8.50505e-02 	    2.19899e-01
   8.64338e-02 	    2.24223e-01
   8.78397e-02 	    2.28499e-01
   8.92684e-02 	    2.32750e-01
   9.07204e-02 	    2.37011e-01
   9.21959e-02 	    2.41347e-01
   9.36955e-02 	    2.45839e-01
   9.52195e-02 	    2.50562e-01
   9.67682e-02 	    2.55606e-01
   9.83422e-02 	    2.61061e-01
   9.99417e-02 	    2.66990e-01
   1.01567e-01 	    2.73468e-01
   1.03219e-01 	    2.80574e-01
   1.04898e-01 	    2.88343e-01
   1.06604e-01 	    2.96853e-01
   1.08338e-01 	    3.06102e-01
   1.10100e-01 	    3.16087e-01
   1.11891e-01 	    3.26831e-01
   1.13711e-01 	    3.38289e-01
   1.15561e-01 	    3.50414e-01
   1.17440e-01 	    3.63187e-01
   1.19350e-01 	    3.76525e-01
   1.21292e-01 	    3.90287e-01
   1.23264e-01 	    4.04337e-01
   1.25269e-01 	    4.18445e-01
   1.27307e-01 	    4.32457e-01
   1.29378e-01 	    4.46200e-01
   1.31482e-01 	    4.59436e-01
   1.33620e-01 	    4.71966e-01
   1.35794e-01 	    4.83741e-01
   1.38002e-01 	    4.94699e-01
   1.40247e-01 	    5.04845e-01
   1.42528e-01 	    5.14252e-01
   1.44846e-01 	    5.23042e-01
   1.47202e-01 	    5.31454e-01
   1.49597e-01 	    5.39712e-01
   1.52030e-01 	    5.48120e-01
   1.54503e-01 	    5.57018e-01
   1.57016e-01 	    5.66722e-01
   1.59570e-01 	    5.77617e-01
   1.62165e-01 	    5.90079e-01
   1.64803e-01 	    6.04315e-01
   1.67483e-01 	    6.20564e-01
   1.70207e-01 	    6.39023e-01
   1.72976e-01 	    6.59496e-01
   1.75789e-01 	    6.81846e-01
   1.78648e-01 	    7.05773e-01
   1.81554e-01 	    7.30806e-01
   1.84507e-01 	    7.56378e-01
   1.87508e-01 	    7.81864e-01
   1.90558e-01 	    8.06676e-01
   1.93657e-01 	    8.30334e-01
   1.96807e-01 	    8.52497e-01
   2.00008e-01 	    8.73041e-01
   2.03261e-01 	    8.92054e-01
   2.06568e-01 	    9.09629e-01
   2.09927e-01 	    9.26523e-01
   2.13342e-01 	    9.43478e-01
   2.16812e-01 	    9.61144e-01
   2.20338e-01 	    9.80462e-01
   2.23922e-01 	    1.00239e+00
   2.27564e-01 	    1.02750e+00
   2.31266e-01 	    1.05586e+00
   2.35027e-01 	    1.08736e+00
   2.38850e-01 	    1.12192e+00
   2.42735e-01 	    1.15896e+00
   2.46683e-01 	    1.19749e+00
   2.50695e-01 	    1.23631e+00
   2.54773e-01 	    1.27427e+00
   2.58917e-01 	    1.31073e+00
   2.63128e-01 	    1.34576e+00
   2.67408e-01 	    1.37921e+00
   2.71757e-01 	    1.41152e+00
   2.76177e-01 	    1.44375e+00
   2.80670e-01 	    1.47731e+00
   2.85235e-01 	    1.51367e+00
   2.89874e-01 	    1.55356e+00
   2.94589e-01 	    1.59719e+00
   2.99380e-01 	    1.64465e+00
   3.04250e-01 	    1.69579e+00
   3.09198e-01 	    1.74978e+00
   3.14228e-01 	    1.80530e+00
   3.19339e-01 	    1.86070e+00
   3.24533e-01 	    1.91519e+00
   3.29811e-01 	    1.96910e+00
   3.35176e-01 	    2.02314e+00
   3.40627e-01 	    2.07814e+00
   3.46168e-01 	    2.13504e+00
   3.51798e-01 	    2.19487e+00
   3.57520e-01 	    2.25872e+00
   3.63335e-01 	    2.32740e+00
   3.69245e-01 	    2.40037e+00
   3.75251e-01 	    2.47633e+00
   3.81354e-01 	    2.55385e+00
   3.87557e-01 	    2.63225e+00
   3.93860e-01 	    2.71193e+00
   4.00267e-01 	    2.79361e+00
   4.06777e-01 	    2.87798e+00
   4.13393e-01 	    2.96542e+00
   4.20117e-01 	    3.05611e+00
   4.26950e-01 	    3.15023e+00
   4.33895e-01 	    3.24795e+00
   4.40952e-01 	    3.34942e+00
   4.48124e-01 	    3.45470e+00
   4.55413e-01 	    3.56394e+00
   4.62820e-01 	    3.67734e+00
   4.70348e-01 	    3.79492e+00
   4.77998e-01 	    3.91685e+00
   4.85773e-01 	    4.04334e+00
   4.93674e-01 	    4.17449e+00
   5.01704e-01 	    4.31040e+00
   5.09864e-01 	    4.45125e+00
   5.18157e-01 	    4.59730e+00
   5.26585e-01 	    4.74861e+00
   5.35150e-01 	    4.90537e+00
   5.43854e-01 	    5.06778e+00
   5.52700e-01 	    5.23593e+00
   5.61690e-01 	    5.41007e+00
   5.70826e-01 	    5.59042e+00
   5.80110e-01 	    5.77714e+00
   5.89546e-01 	    5.97045e+00
   5.99135e-01 	    6.17060e+00
   6.08880e-01 	    6.37770e+00
   6.18783e-01 	    6.59201e+00
   6.28848e-01 	    6.81383e+00
   6.39076e-01 	    7.04342e+00
   6.49471e-01 	    7.28096e+00
   6.60034e-01 	    7.52670e+00
   6.70770e-01 	    7.78106e+00
   6.81680e-01 	    8.04424e+00
   6.92768e-01 	    8.31645e+00
   7.04036e-01 	    8.59802e+00
   7.15487e-01 	    8.88930e+00
   7.27124e-01 	    9.19051e+00
   7.38951e-01 	    9.50198e+00
   7.50970e-01 	    9.82405e+00
   7.63185e-01 	    1.01570e+01
   7.75598e-01 	    1.05011e+01
   7.88213e-01 	    1.08568e+01
   8.01034e-01 	    1.12243e+01
   8.14062e-01 	    1.16041e+01
   8.27303e-01 	    1.19964e+01
   8.40759e-01 	    1.24015e+01
   8.54434e-01 	    1.28199e+01
   8.68332e-01 	    1.32518e+01
   8.82455e-01 	    1.36977e+01
   8.96809e-01 	    1.41578e+01
   9.11395e-01 	    1.46326e+01
   9.26219e-01 	    1.51223e+01
   9.41284e-01 	    1.56275e+01
   9.56594e-01 	    1.61483e+01
   9.72153e-01 	    1.66852e+01
   9.87966e-01 	    1.72386e+01
   1.00403e+00 	    1.78088e+01
   1.02037e+00 	    1.83963e+01
   1.03696e+00 	    1.90013e+01
   1.05383e+00 	    1.96242e+01
   1.07097e+00 	    2.02655e+01
   1.08839e+00 	    2.09256e+01
   1.10609e+00 	    2.16048e+01
   1.12408e+00 	    2.23034e+01
   1.14236e+00 	    2.30218e+01
   1.16095e+00 	    2.37604e+01
   1.17983e+00 	    2.45197e+01
   1.19902e+00 	    2.52999e+01
   1.21852e+00 	    2.61014e+01
   1.23834e+00 	    2.69246e+01
   1.25848e+00 	    2.77698e+01
   1.27895e+00 	    2.86374e+01
   1.29975e+00 	    2.95276e+01
   1.32089e+00 	    3.04410e+01
   1.34238e+00 	    3.13778e+01
   1.36421e+00 	    3.23383e+01
   1.38640e+00 	    3.33228e+01
   1.40895e+00 	    3.43317e+01
   1.43187e+00 	    3.53652e+01
   1.45516e+00 	    3.64236e+01
   1.47883e+00 	    3.75074e+01
   1.50288e+00 	    3.86166e+01
   1.52732e+00 	    3.97516e+01
   1.55217e+00 	    4.09127e+01
   1.57741e+00 	    4.21001e+01
   1.60307e+00 	    4.33139e+01
   1.62914e+00 	    4.45546e+01
   1.65564e+00 	    4.58222e+01
   1.68257e+00 	    4.71170e+01
   1.70994e+00 	    4.84392e+01
   1.73775e+00 	    4.97890e+01
   1.76601e+00 	    5.11665e+01
   1.79474e+00 	    5.25720e+01
   1.82393e+00 	    5.40055e+01
   1.85360e+00 	    5.54673e+01
   1.88374e+00 	    5.69575e+01
   1.91438e+00 	    5.84762e+01
   1.94552e+00 	    6.00235e+01
   1.97717e+00 	    6.15995e+01
   2.00932e+00 	    6.32045e+01
   2.04201e+00 	    6.48384e+01
   2.07522e+00 	    6.65014e+01
   2.10897e+00 	    6.81936e+01
   2.14328e+00 	    6.99151e+01
   2.17814e+00 	    7.16659e+01
   2.21356e+00 	    7.34461e+01
   2.24957e+00 	    7.52558e+01
   2.28616e+00 	    7.70952e+01
   2.32334e+00 	    7.89642e+01
   2.36113e+00 	    8.08629e+01
   2.39954e+00 	    8.27914e+01
   2.43856e+00 	    8.47499e+01
   2.47823e+00 	    8.67383e+01
   2.51854e+00 	    8.87567e+01
   2.55950e+00 	    9.08052e+01
   2.60113e+00 	    9.28839e+01
   2.64344e+00 	    9.49929e+01
   2.68643e+00 	    9.71322e+01
   2.73013e+00 	    9.93019e+01
   2.77454e+00 	    1.01502e+02
   2.81966e+00 	    1.03733e+02
   2.86553e+00 	    1.05995e+02
   2.91213e+00 	    1.08287e+02
   2.95950e+00 	    1.10610e+02
   3.00764e+00 	    1.12964e+02
   3.05656e+00 	    1.15350e+02
   3.10627e+00 	    1.17766e+02
   3.15679e+00 	    1.20214e+02
   3.20814e+00 	    1.22693e+02
   3.26032e+00 	    1.25204e+02
   3.31335e+00 	    1.27746e+02
   3.36724e+00 	    1.30321e+02
   3.42201e+00 	    1.32927e+02
   3.47767e+00 	    1.35565e+02
   3.53423e+00 	    1.38236e+02
   3.59172e+00 	    1.40939e+02
   3.65014e+00 	    1.43675e+02
   3.70951e+00 	    1.46443e+02
   3.76984e+00 	    1.49245e+02
   3.83116e+00 	    1.52079e+02
   3.89348e+00 	    1.54947e+02
   3.95680e+00 	    1.57848e+02
   4.02116e+00 	    1.60783e+02
   4.08657e+00 	    1.63752e+02
   4.15303e+00 	    1.66755e+02
   4.22058e+00 	    1.69792e+02
   4.28923e+00 	    1.72864e+02
   4.35900e+00 	    1.75971e+02
   4.42990e+00 	    1.79112e+02
   4.50195e+00 	    1.82289e+02
   4.57517e+00 	    1.85502e+02
   4.64959e+00 	    1.88750e+02
   4.72521e+00 	    1.92035e+02
   4.80207e+00 	    1.95356e+02
   4.88018e+00 	    1.98713e+02
   4.95955e+00 	    2.02108e+02
   5.04022e+00 	    2.05540e+02
   5.12220e+00 	    2.09009e+02
   5.20551e+00 	    2.12517e+02
   5.29018e+00 	    2.16062e+02
   5.37623e+00 	    2.19647e+02
   5.46367e+00 	    2.23270e+02
   5.55254e+00 	    2.26933e+02
   5.64285e+00 	    2.30635e+02
   5.73463e+00 	    2.34377e+02
   5.82791e+00 	    2.38160e+02
   5.92270e+00 	    2.41984e+02
   6.01903e+00 	    2.45849e+02
   6.11693e+00 	    2.49756e+02
   6.21642e+00 	    2.53704e+02
   6.31753e+00 	    2.57696e+02
   6.42029e+00 	    2.61730e+02
   6.52472e+00 	    2.65808e+02
   6.63084e+00 	    2.69929e+02
   6.73869e+00 	    2.74095e+02
   6.84830e+00 	    2.78306e+02
   6.95969e+00 	    2.82562e+02
   7.07289e+00 	    2.86864e+02
   7.18793e+00 	    2.91212e+02
   7.30484e+00 	    2.95607e+02
   7.42365e+00 	    3.00049e+02
   7.54440e+00 	    3.04540e+02
   7.66711e+00 	    3.09078e+02
   7.79182e+00 	    3.13666e+02
   7.91855e+00 	    3.18303e+02
   8.04735e+00 	    3.22990e+02
   8.17824e+00 	    3.27728e+02
   8.31126e+00 	    3.32517e+02
   8.44644e+00 	    3.37358e+02
   8.58382e+00 	    3.42251e+02
   8.72344e+00 	    3.47198e+02
   8.86533e+00 	    3.52198e+02
   9.00952e+00 	    3.57253e+02
   9.15606e+00 	    3.62362e+02
   9.30499e+00 	    3.67527e+02
   9.45633e+00 	    3.72749e+02
   9.61014e+00 	    3.78027e+02
   9.76645e+00 	    3.83363e+02
   9.92530e+00 	    3.88758e+02
   1.00867e+01 	    3.94211e+02
   1.02508e+01 	    3.99724e+02
   1.04175e+01 	    4.05298e+02
   1.05870e+01 	    4.10933e+02
   1.07592e+01 	    4.16630e+02
   1.09342e+01 	    4.22390e+02
   1.11120e+01 	    4.28213e+02
   1.12928e+01 	    4.34100e+02
   1.14764e+01 	    4.40053e+02
   1.16631e+01 	    4.46071e+02
   1.18528e+01 	    4.52156e+02
   1.20456e+01 	    4.58309e+02
   1.22415e+01 	    4.64530e+02
   1.24406e+01 	    4.70820e+02
   1.26430e+01 	    4.77180e+02
   1.28486e+01 	    4.83611e+02
   1.30576e+01 	    4.90113e+02
   1.32700e+01 	    4.96688e+02
   1.34858e+01 	    5.03337e+02
   1.37052e+01 	    5.10060e+02
   1.39281e+01 	    5.16859e+02
   1.41546e+01 	    5.23734e+02
   1.43848e+01 	    5.30686e+02
   1.46188e+01 	    5.37716e+02
   1.48566e+01 	    5.44825e+02
   1.50982e+01 	    5.52015e+02
   1.53438e+01 	    5.59286e+02
   1.55934e+01 	    5.66638e+02
   1.58470e+01 	    5.74074e+02
   1.61048e+01 	    5.81594e+02
   1.63667e+01 	    5.89200e+02
   1.66329e+01 	    5.96891e+02
   1.69034e+01 	    6.04670e+02
   1.71784e+01 	    6.12537e+02
   1.74578e+01 	    6.20494e+02
   1.77417e+01 	    6.28542e+02
   1.80303e+01 	    6.36681e+02
   1.83236e+01 	    6.44913e+02
   1.86216e+01 	    6.53239e+02
   1.89245e+01 	    6.61660e+02
   1.92323e+01 	    6.70178e+02
   1.95451e+01 	    6.78793e+02
   1.98630e+01 	    6.87507e+02
   2.01861e+01 	    6.96321e+02
   2.05144e+01 	    7.05236e+02
   2.08481e+01 	    7.14254e+02
   2.11872e+01 	    7.23375e+02
   2.15318e+01 	    7.32601e+02
   2.18820e+01 	    7.41934e+02
   2.22379e+01 	    7.51374e+02
   2.25996e+01 	    7.60923e+02
   2.29672e+01 	    7.70583e+02
   2.33408e+01 	    7.80354e+02
   2.37204e+01 	    7.90238e+02
   2.41062e+01 	    8.00237e+02
   2.44983e+01 	    8.10351e+02
   2.48968e+01 	    8.20583e+02
   2.53017e+01 	    8.30933e+02
   2.57133e+01 	    8.41404e+02
   2.61315e+01 	    8.51996e+02
   2.65565e+01 	    8.62711e+02
   2.69885e+01 	    8.73551e+02
   2.74274e+01 	    8.84517e+02
   2.78735e+01 	    8.95611e+02
   2.83269e+01 	    9.06834e+02
   2.87877e+01 	    9.18188e+02
   2.92559e+01 	    9.29674e+02
   2.97317e+01 	    9.41295e+02
   3.02153e+01 	    9.53051e+02
   3.07068e+01 	    9.64945e+02
   3.12062e+01 	    9.76977e+02
   3.17138e+01 	    9.89151e+02
   3.22296e+01 	    1.00147e+03
   3.27538e+01 	    1.01393e+03
   3.32866e+01 	    1.02653e+03
   3.38280e+01 	    1.03929e+03
   3.43782e+01 	    1.05219e+03
   3.49374e+01 	    1.06525e+03
   3.55056e+01 	    1.07846e+03
   3.60831e+01 	    1.09182e+03
   3.66700e+01 	    1.10534e+03
   3.72665e+01 	    1.11902e+03
   3.78726e+01 	    1.13286e+03
   3.84886e+01 	    1.14686e+03
   3.91146e+01 	    1.16103e+03
   3.97508e+01 	    1.17537e+03
   4.03974e+01 	    1.18987e+03
   4.10545e+01 	    1.20455e+03
   4.17222e+01 	    1.21940e+03
   4.24008e+01 	    1.23442e+03
   4.30905e+01 	    1.24962e+03
   4.37914e+01 	    1.26500e+03
   4.45036e+01 	    1.28056e+03
   4.52275e+01 	    1.29631e+03
   4.59631e+01 	    1.31224e+03
   4.67107e+01 	    1.32836e+03
   4.74705e+01 	    1.34467e+03
   4.82426e+01 	    1.36118e+03
   4.90272e+01 	    1.37788e+03
   4.98247e+01 	    1.39478e+03
   5.06351e+01 	    1.41187e+03
   5.14587e+01 	    1.42917e+03
   5.22956e+01 	    1.44668e+03
   5.31462e+01 	    1.46439e+03
   5.40107e+01 	    1.48231e+03
   5.48892e+01 	    1.50045e+03
   5.57819e+01 	    1.51880e+03
   5.66892e+01 	    1.53737e+03
   5.76113e+01 	    1.55615e+03
   5.85483e+01 	    1.57517e+03
   5.95006e+01 	    1.59440e+03
   6.04684e+01 	    1.61387e+03
   6.14519e+01 	    1.63357e+03
   6.24515e+01 	    1.65350e+03
   6.34672e+01 	    1.67366e+03
   6.44995e+01 	    1.69407e+03
   6.55486e+01 	    1.71472e+03
   6.66148e+01 	    1.73562e+03
   6.76983e+01 	    1.75676e+03
   6.87994e+01 	    1.77816e+03
   6.99184e+01 	    1.79981e+03
   7.10557e+01 	    1.82172e+03
   7.22114e+01 	    1.84389e+03
   7.33859e+01 	    1.86632e+03
   7.45795e+01 	    1.88903e+03
   7.57926e+01 	    1.91200e+03
   7.70254e+01 	    1.93524e+03
   7.82782e+01 	    1.95876e+03
   7.95514e+01 	    1.98257e+03
   8.08453e+01 	    2.00665e+03
   8.21602e+01 	    2.03103e+03
   8.34966e+01 	    2.05569e+03
   8.48547e+01 	    2.08065e+03
   8.62348e+01 	    2.10591e+03
   8.76375e+01 	    2.13147e+03
   8.90629e+01 	    2.15733e+03
   9.05115e+01 	    2.18350e+03
   9.19837e+01 	    2.20999e+03
   9.34798e+01 	    2.23679e+03
   9.50003e+01 	    2.26391e+03
   9.65454e+01 	    2.29135e+03
   9.81158e+01 	    2.31912e+03
   9.97116e+01 	    2.34723e+03
   1.01333e+02 	    2.37567e+03
   1.02982e+02 	    2.40445e+03
   1.04657e+02 	    2.43357e+03
   1.06359e+02 	    2.46304e+03
   1.08089e+02 	    2.49287e+03
   1.09847e+02 	    2.52305e+03
   1.11634e+02 	    2.55359e+03
   1.13449e+02 	    2.58450e+03
   1.15295e+02 	    2.61577e+03
   1.17170e+02 	    2.64742e+03
   1.19076e+02 	    2.67945e+03
   1.21012e+02 	    2.71186e+03
   1.22981e+02 	    2.74466e+03
   1.24981e+02 	    2.77786e+03
   1.27014e+02 	    2.81145e+03
   1.29080e+02 	    2.84544e+03
   1.31179e+02 	    2.87984e+03
   1.33313e+02 	    2.91465e+03
   1.35481e+02 	    2.94987e+03
   1.37685e+02 	    2.98552e+03
   1.39924e+02 	    3.02160e+03
   1.42200e+02 	    3.05810e+03
   1.44513e+02 	    3.09505e+03
   1.46864e+02 	    3.13244e+03
   1.49252e+02 	    3.17027e+03
   1.51680e+02 	    3.20856e+03
   1.54147e+02 	    3.24730e+03
   1.56654e+02 	    3.28652e+03
   1.59202e+02 	    3.32620e+03
   1.61792e+02 	    3.36635e+03
   1.64423e+02 	    3.40699e+03
   1.67098e+02 	    3.44811e+03
   1.69815e+02 	    3.48973e+03
   1.72577e+02 	    3.53185e+03
   1.75384e+02 	    3.57447e+03
   1.78237e+02 	    3.61760e+03
   1.81136e+02 	    3.66125e+03
   1.84082e+02 	    3.70542e+03
   1.87076e+02 	    3.75012e+03
   1.90119e+02 	    3.79535e+03
   1.93212e+02 	    3.84113e+03
   1.96354e+02 	    3.88746e+03
   1.99548e+02 	    3.93435e+03
   2.02794e+02 	    3.98179e+03
   2.06092e+02 	    4.02981e+03
   2.09444e+02 	    4.07840e+03
   2.12851e+02 	    4.12757e+03
   2.16313e+02 	    4.17733e+03
   2.19831e+02 	    4.22769e+03
   2.23407e+02 	    4.27866e+03
   2.27040e+02 	    4.33023e+03
   2.30733e+02 	    4.38243e+03
   2.34486e+02 	    4.43525e+03
   2.38300e+02 	    4.48870e+03
   2.42176e+02 	    4.54280e+03
   2.46115e+02 	    4.59754e+03
   2.50118e+02 	    4.65294e+03
   2.54186e+02 	    4.70901e+03
   2.58321e+02 	    4.76574e+03
   2.62522e+02 	    4.82316e+03
   2.66792e+02 	    4.88127e+03
   2.71132e+02 	    4.94008e+03
   2.75542e+02 	    4.99959e+03
   2.80023e+02 	    5.05981e+03
   2.84578e+02 	    5.12076e+03
   2.89207e+02 	    5.18244e+03
   2.93911e+02 	    5.24486e+03
   2.98691e+02 	    5.30803e+03
   3.03549e+02 	    5.37196e+03
   3.08487e+02 	    5.43666e+03
   3.13504e+02 	    5.50213e+03
   3.18603e+02 	    5.56839e+03
   3.23785e+02 	    5.63544e+03
   3.29052e+02 	    5.70330e+03
   3.34404e+02 	    5.77197e+03
   3.39843e+02 	    5.84147e+03
   3.45371e+02 	    5.91180e+03
   3.50988e+02 	    5.98297e+03
   3.56697e+02 	    6.05500e+03
   3.62499e+02 	    6.12790e+03
   3.68395e+02 	    6.20167e+03
   3.74387e+02 	    6.27633e+03
   3.80476e+02 	    6.35188e+03
   3.86665e+02 	    6.42834e+03
   3.92954e+02 	    6.50572e+03
   3.99345e+02 	    6.58403e+03
   4.05841e+02 	    6.66327e+03
   4.12442e+02 	    6.74347e+03
   4.19150e+02 	    6.82464e+03
   4.25967e+02 	    6.90677e+03
   4.32896e+02 	    6.98990e+03
   4.39937e+02 	    7.07402e+03
   4.47093e+02 	    7.15915e+03
   4.54365e+02 	    7.24531e+03
   4.61755e+02 	    7.33250e+03
   4.69265e+02 	    7.42073e+03
   4.76898e+02 	    7.51003e+03
   4.84655e+02 	    7.60040e+03
   4.92538e+02 	    7.69185e+03
   5.00549e+02 	    7.78441e+03
   5.08690e+02 	    7.87807e+03
   5.16964e+02 	    7.97286e+03
   5.25373e+02 	    8.06879e+03
   5.33918e+02 	    8.16587e+03
   5.42602e+02 	    8.26412e+03
   5.51428e+02 	    8.36355e+03
   5.60397e+02 	    8.46417e+03
   5.69512e+02 	    8.56600e+03
   5.78775e+02 	    8.66906e+03
   5.88189e+02 	    8.77335e+03
   5.97756e+02 	    8.87889e+03
   6.07478e+02 	    8.98571e+03
   6.17359e+02 	    9.09380e+03
   6.27400e+02 	    9.20320e+03
   6.37605e+02 	    9.31391e+03
   6.47976e+02 	    9.42595e+03
   6.58515e+02 	    9.53933e+03
   6.69226e+02 	    9.65408e+03
   6.80111e+02 	    9.77020e+03
   6.91173e+02 	    9.88773e+03
   7.02415e+02 	    1.00067e+04
   7.13840e+02 	    1.01270e+04
   7.25450e+02 	    1.02488e+04
   7.37250e+02 	    1.03721e+04
   7.49241e+02 	    1.04969e+04
   7.61428e+02 	    1.06231e+04
   7.73812e+02 	    1.07509e+04
   7.86399e+02 	    1.08802e+04
   7.99189e+02 	    1.10110e+04
   8.12188e+02 	    1.11435e+04
   8.25399e+02 	    1.12775e+04
   8.38824e+02 	    1.14131e+04
   8.52467e+02 	    1.15504e+04
   8.66333e+02 	    1.16893e+04
   8.80424e+02 	    1.18299e+04
   8.94744e+02 	    1.19722e+04
   9.09297e+02 	    1.21161e+04
   9.24087e+02 	    1.22618e+04
   9.39117e+02 	    1.24093e+04
   9.54392e+02 	    1.25585e+04
   9.69915e+02 	    1.27096e+04
   9.85691e+02 	    1.28624e+04
   1.00172e+03 	    1.30171e+04
   1.01802e+03 	    1.31736e+04
   1.03457e+03 	    1.33320e+04
   1.05140e+03 	    1.34924e+04
   1.06850e+03 	    1.36546e+04
   1.08588e+03 	    1.38188e+04
   1.10354e+03 	    1.39850e+04
   1.12149e+03 	    1.41531e+04
   1.13973e+03 	    1.43233e+04
   1.15827e+03 	    1.44956e+04
   1.17711e+03 	    1.46699e+04
   1.19626e+03 	    1.48463e+04
   1.21572e+03 	    1.50248e+04
   1.23549e+03 	    1.52054e+04
   1.25558e+03 	    1.53883e+04
   1.27601e+03 	    1.55733e+04
   1.29676e+03 	    1.57606e+04
   1.31785e+03 	    1.59501e+04
   1.33929e+03 	    1.61419e+04
   1.36107e+03 	    1.63360e+04
   1.38321e+03 	    1.65324e+04
   1.40571e+03 	    1.67312e+04
   1.42857e+03 	    1.69323e+04
