#Omega_b = 0.050000
#Omega_m = 0.300000
#Omega_de = 0.680000
#hubble = 0.700000
#w0 = -0.800000
#wa = 0.200000
#sigma8 = 0.800000
#n_s = 0.960000
#
#k Delta(k)^2 ;; k is in h Mpc^-1 
   1.42857e-04 	    9.02739e-11
   1.45181e-04 	    9.62285e-11
   1.47542e-04 	    1.02576e-10
   1.49942e-04 	    1.09342e-10
   1.52381e-04 	    1.16554e-10
   1.54859e-04 	    1.24242e-10
   1.57378e-04 	    1.32437e-10
   1.59938e-04 	    1.41173e-10
   1.62539e-04 	    1.50484e-10
   1.65183e-04 	    1.60410e-10
   1.67870e-04 	    1.70990e-10
   1.70600e-04 	    1.82268e-10
   1.73375e-04 	    1.94290e-10
   1.76195e-04 	    2.07105e-10
   1.79061e-04 	    2.20764e-10
   1.81973e-04 	    2.35325e-10
   1.84933e-04 	    2.50845e-10
   1.87941e-04 	    2.67389e-10
   1.90998e-04 	    2.85024e-10
   1.94104e-04 	    3.03822e-10
   1.97261e-04 	    3.23859e-10
   2.00470e-04 	    3.45218e-10
   2.03731e-04 	    3.67985e-10
   2.07044e-04 	    3.92253e-10
   2.10412e-04 	    4.18121e-10
   2.13834e-04 	    4.45695e-10
   2.17312e-04 	    4.75087e-10
   2.20847e-04 	    5.06416e-10
   2.24439e-04 	    5.39811e-10
   2.28089e-04 	    5.75408e-10
   2.31799e-04 	    6.13352e-10
   2.35570e-04 	    6.53797e-10
   2.39401e-04 	    6.96908e-10
   2.43295e-04 	    7.42861e-10
   2.47252e-04 	    7.91843e-10
   2.51274e-04 	    8.44055e-10
   2.55361e-04 	    8.99707e-10
   2.59514e-04 	    9.59028e-10
   2.63735e-04 	    1.02226e-09
   2.68025e-04 	    1.08966e-09
   2.72384e-04 	    1.16150e-09
   2.76815e-04 	    1.23807e-09
   2.81317e-04 	    1.31970e-09
   2.85893e-04 	    1.40670e-09
   2.90543e-04 	    1.49943e-09
   2.95269e-04 	    1.59828e-09
   3.00071e-04 	    1.70364e-09
   3.04952e-04 	    1.81594e-09
   3.09912e-04 	    1.93564e-09
   3.14953e-04 	    2.06323e-09
   3.20075e-04 	    2.19923e-09
   3.25281e-04 	    2.34418e-09
   3.30572e-04 	    2.49868e-09
   3.35949e-04 	    2.66336e-09
   3.41413e-04 	    2.83889e-09
   3.46966e-04 	    3.02599e-09
   3.52610e-04 	    3.22540e-09
   3.58345e-04 	    3.43795e-09
   3.64174e-04 	    3.66450e-09
   3.70097e-04 	    3.90597e-09
   3.76116e-04 	    4.16334e-09
   3.82234e-04 	    4.43765e-09
   3.88451e-04 	    4.73003e-09
   3.94769e-04 	    5.04166e-09
   4.01190e-04 	    5.37381e-09
   4.07716e-04 	    5.72783e-09
   4.14347e-04 	    6.10515e-09
   4.21087e-04 	    6.50730e-09
   4.27936e-04 	    6.93593e-09
   4.34896e-04 	    7.39276e-09
   4.41970e-04 	    7.87967e-09
   4.49158e-04 	    8.39861e-09
   4.56464e-04 	    8.95170e-09
   4.63888e-04 	    9.54118e-09
   4.71434e-04 	    1.01694e-08
   4.79101e-04 	    1.08390e-08
   4.86894e-04 	    1.15527e-08
   4.94813e-04 	    1.23133e-08
   5.02862e-04 	    1.31239e-08
   5.11041e-04 	    1.39878e-08
   5.19353e-04 	    1.49085e-08
   5.27800e-04 	    1.58897e-08
   5.36385e-04 	    1.69355e-08
   5.45109e-04 	    1.80500e-08
   5.53975e-04 	    1.92377e-08
   5.62986e-04 	    2.05036e-08
   5.72143e-04 	    2.18525e-08
   5.81449e-04 	    2.32902e-08
   5.90906e-04 	    2.48223e-08
   6.00517e-04 	    2.64550e-08
   6.10285e-04 	    2.81950e-08
   6.20211e-04 	    3.00492e-08
   6.30299e-04 	    3.20252e-08
   6.40551e-04 	    3.41309e-08
   6.50969e-04 	    3.63749e-08
   6.61558e-04 	    3.87661e-08
   6.72318e-04 	    4.13143e-08
   6.83253e-04 	    4.40297e-08
   6.94366e-04 	    4.69232e-08
   7.05660e-04 	    5.00066e-08
   7.17138e-04 	    5.32922e-08
   7.28802e-04 	    5.67932e-08
   7.40656e-04 	    6.05237e-08
   7.52703e-04 	    6.44988e-08
   7.64946e-04 	    6.87344e-08
   7.77388e-04 	    7.32476e-08
   7.90032e-04 	    7.80565e-08
   8.02882e-04 	    8.31803e-08
   8.15941e-04 	    8.86397e-08
   8.29212e-04 	    9.44565e-08
   8.42699e-04 	    1.00654e-07
   8.56406e-04 	    1.07257e-07
   8.70336e-04 	    1.14293e-07
   8.84492e-04 	    1.21788e-07
   8.98878e-04 	    1.29774e-07
   9.13498e-04 	    1.38282e-07
   9.28356e-04 	    1.47346e-07
   9.43456e-04 	    1.57002e-07
   9.58802e-04 	    1.67290e-07
   9.74397e-04 	    1.78249e-07
   9.90245e-04 	    1.89924e-07
   1.00635e-03 	    2.02361e-07
   1.02272e-03 	    2.15610e-07
   1.03935e-03 	    2.29723e-07
   1.05626e-03 	    2.44757e-07
   1.07344e-03 	    2.60771e-07
   1.09090e-03 	    2.77828e-07
   1.10864e-03 	    2.95998e-07
   1.12668e-03 	    3.15351e-07
   1.14500e-03 	    3.35964e-07
   1.16362e-03 	    3.57919e-07
   1.18255e-03 	    3.81303e-07
   1.20179e-03 	    4.06208e-07
   1.22133e-03 	    4.32732e-07
   1.24120e-03 	    4.60981e-07
   1.26139e-03 	    4.91065e-07
   1.28190e-03 	    5.23103e-07
   1.30275e-03 	    5.57220e-07
   1.32394e-03 	    5.93552e-07
   1.34548e-03 	    6.32241e-07
   1.36736e-03 	    6.73439e-07
   1.38960e-03 	    7.17306e-07
   1.41220e-03 	    7.64015e-07
   1.43517e-03 	    8.13749e-07
   1.45852e-03 	    8.66702e-07
   1.48224e-03 	    9.23080e-07
   1.50635e-03 	    9.83103e-07
   1.53085e-03 	    1.04701e-06
   1.55575e-03 	    1.11503e-06
   1.58105e-03 	    1.18746e-06
   1.60677e-03 	    1.26455e-06
   1.63290e-03 	    1.34662e-06
   1.65946e-03 	    1.43397e-06
   1.68645e-03 	    1.52695e-06
   1.71388e-03 	    1.62592e-06
   1.74176e-03 	    1.73125e-06
   1.77009e-03 	    1.84336e-06
   1.79888e-03 	    1.96267e-06
   1.82814e-03 	    2.08964e-06
   1.85787e-03 	    2.22476e-06
   1.88809e-03 	    2.36854e-06
   1.91880e-03 	    2.52154e-06
   1.95001e-03 	    2.68434e-06
   1.98173e-03 	    2.85756e-06
   2.01396e-03 	    3.04185e-06
   2.04672e-03 	    3.23792e-06
   2.08001e-03 	    3.44651e-06
   2.11384e-03 	    3.66841e-06
   2.14822e-03 	    3.90446e-06
   2.18316e-03 	    4.15554e-06
   2.21867e-03 	    4.42261e-06
   2.25476e-03 	    4.70667e-06
   2.29143e-03 	    5.00877e-06
   2.32870e-03 	    5.33006e-06
   2.36658e-03 	    5.67173e-06
   2.40507e-03 	    6.03506e-06
   2.44419e-03 	    6.42140e-06
   2.48395e-03 	    6.83218e-06
   2.52435e-03 	    7.26892e-06
   2.56541e-03 	    7.73325e-06
   2.60713e-03 	    8.22687e-06
   2.64954e-03 	    8.75160e-06
   2.69263e-03 	    9.30936e-06
   2.73643e-03 	    9.90222e-06
   2.78094e-03 	    1.05323e-05
   2.82617e-03 	    1.12020e-05
   2.87214e-03 	    1.19136e-05
   2.91885e-03 	    1.26698e-05
   2.96633e-03 	    1.34733e-05
   3.01458e-03 	    1.43271e-05
   3.06361e-03 	    1.52341e-05
   3.11344e-03 	    1.61977e-05
   3.16408e-03 	    1.72212e-05
   3.21554e-03 	    1.83085e-05
   3.26784e-03 	    1.94632e-05
   3.32100e-03 	    2.06897e-05
   3.37501e-03 	    2.19921e-05
   3.42991e-03 	    2.33751e-05
   3.48569e-03 	    2.48436e-05
   3.54239e-03 	    2.64027e-05
   3.60001e-03 	    2.80579e-05
   3.65856e-03 	    2.98150e-05
   3.71807e-03 	    3.16802e-05
   3.77854e-03 	    3.36598e-05
   3.84000e-03 	    3.57607e-05
   3.90246e-03 	    3.79902e-05
   3.96593e-03 	    4.03560e-05
   4.03044e-03 	    4.28661e-05
   4.09599e-03 	    4.55292e-05
   4.16262e-03 	    4.83543e-05
   4.23032e-03 	    5.13509e-05
   4.29913e-03 	    5.45293e-05
   4.36905e-03 	    5.79000e-05
   4.44012e-03 	    6.14746e-05
   4.51234e-03 	    6.52648e-05
   4.58573e-03 	    6.92833e-05
   4.66032e-03 	    7.35434e-05
   4.73612e-03 	    7.80593e-05
   4.81315e-03 	    8.28457e-05
   4.89144e-03 	    8.79185e-05
   4.97100e-03 	    9.32941e-05
   5.05185e-03 	    9.89900e-05
   5.13402e-03 	    1.05025e-04
   5.21752e-03 	    1.11418e-04
   5.30239e-03 	    1.18189e-04
   5.38863e-03 	    1.25362e-04
   5.47628e-03 	    1.32957e-04
   5.56535e-03 	    1.41000e-04
   5.65587e-03 	    1.49515e-04
   5.74787e-03 	    1.58530e-04
   5.84135e-03 	    1.68072e-04
   5.93636e-03 	    1.78172e-04
   6.03292e-03 	    1.88860e-04
   6.13105e-03 	    2.00169e-04
   6.23077e-03 	    2.12135e-04
   6.33211e-03 	    2.24793e-04
   6.43510e-03 	    2.38181e-04
   6.53977e-03 	    2.52341e-04
   6.64614e-03 	    2.67314e-04
   6.75424e-03 	    2.83146e-04
   6.86410e-03 	    2.99882e-04
   6.97575e-03 	    3.17573e-04
   7.08921e-03 	    3.36271e-04
   7.20451e-03 	    3.56028e-04
   7.32170e-03 	    3.76904e-04
   7.44078e-03 	    3.98958e-04
   7.56181e-03 	    4.22252e-04
   7.68480e-03 	    4.46853e-04
   7.80980e-03 	    4.72831e-04
   7.93682e-03 	    5.00258e-04
   8.06592e-03 	    5.29210e-04
   8.19711e-03 	    5.59767e-04
   8.33044e-03 	    5.92014e-04
   8.46593e-03 	    6.26037e-04
   8.60363e-03 	    6.61929e-04
   8.74357e-03 	    6.99785e-04
   8.88578e-03 	    7.39707e-04
   9.03031e-03 	    7.81800e-04
   9.17719e-03 	    8.26173e-04
   9.32646e-03 	    8.72943e-04
   9.47815e-03 	    9.22228e-04
   9.63232e-03 	    9.74154e-04
   9.78899e-03 	    1.02885e-03
   9.94821e-03 	    1.08646e-03
   1.01100e-02 	    1.14712e-03
   1.02745e-02 	    1.21098e-03
   1.04416e-02 	    1.27819e-03
   1.06114e-02 	    1.34892e-03
   1.07840e-02 	    1.42334e-03
   1.09594e-02 	    1.50161e-03
   1.11377e-02 	    1.58392e-03
   1.13188e-02 	    1.67046e-03
   1.15029e-02 	    1.76142e-03
   1.16900e-02 	    1.85702e-03
   1.18801e-02 	    1.95744e-03
   1.20734e-02 	    2.06293e-03
   1.22698e-02 	    2.17369e-03
   1.24693e-02 	    2.28997e-03
   1.26721e-02 	    2.41201e-03
   1.28783e-02 	    2.54005e-03
   1.30877e-02 	    2.67436e-03
   1.33006e-02 	    2.81520e-03
   1.35169e-02 	    2.96283e-03
   1.37368e-02 	    3.11756e-03
   1.39602e-02 	    3.27966e-03
   1.41873e-02 	    3.44942e-03
   1.44180e-02 	    3.62717e-03
   1.46525e-02 	    3.81320e-03
   1.48909e-02 	    4.00784e-03
   1.51331e-02 	    4.21141e-03
   1.53792e-02 	    4.42425e-03
   1.56294e-02 	    4.64670e-03
   1.58836e-02 	    4.87910e-03
   1.61419e-02 	    5.12180e-03
   1.64045e-02 	    5.37516e-03
   1.66713e-02 	    5.63955e-03
   1.69424e-02 	    5.91531e-03
   1.72180e-02 	    6.20283e-03
   1.74981e-02 	    6.50248e-03
   1.77827e-02 	    6.81462e-03
   1.80719e-02 	    7.13963e-03
   1.83659e-02 	    7.47789e-03
   1.86646e-02 	    7.82976e-03
   1.89682e-02 	    8.19563e-03
   1.92767e-02 	    8.57586e-03
   1.95902e-02 	    8.97083e-03
   1.99088e-02 	    9.38089e-03
   2.02327e-02 	    9.80641e-03
   2.05618e-02 	    1.02478e-02
   2.08962e-02 	    1.07053e-02
   2.12361e-02 	    1.11793e-02
   2.15815e-02 	    1.16701e-02
   2.19325e-02 	    1.21782e-02
   2.22892e-02 	    1.27038e-02
   2.26518e-02 	    1.32472e-02
   2.30202e-02 	    1.38087e-02
   2.33946e-02 	    1.43888e-02
   2.37751e-02 	    1.49875e-02
   2.41619e-02 	    1.56054e-02
   2.45548e-02 	    1.62426e-02
   2.49542e-02 	    1.68995e-02
   2.53601e-02 	    1.75763e-02
   2.57726e-02 	    1.82734e-02
   2.61918e-02 	    1.89912e-02
   2.66178e-02 	    1.97298e-02
   2.70507e-02 	    2.04897e-02
   2.74907e-02 	    2.12713e-02
   2.79379e-02 	    2.20748e-02
   2.83923e-02 	    2.29008e-02
   2.88541e-02 	    2.37496e-02
   2.93234e-02 	    2.46218e-02
   2.98003e-02 	    2.55179e-02
   3.02850e-02 	    2.64385e-02
   3.07776e-02 	    2.73842e-02
   3.12782e-02 	    2.83557e-02
   3.17870e-02 	    2.93538e-02
   3.23040e-02 	    3.03794e-02
   3.28294e-02 	    3.14334e-02
   3.33634e-02 	    3.25168e-02
   3.39061e-02 	    3.36307e-02
   3.44575e-02 	    3.47765e-02
   3.50180e-02 	    3.59555e-02
   3.55876e-02 	    3.71691e-02
   3.61664e-02 	    3.84190e-02
   3.67547e-02 	    3.97068e-02
   3.73525e-02 	    4.10346e-02
   3.79600e-02 	    4.24042e-02
   3.85774e-02 	    4.38179e-02
   3.92049e-02 	    4.52782e-02
   3.98426e-02 	    4.67874e-02
   4.04906e-02 	    4.83483e-02
   4.11492e-02 	    4.99639e-02
   4.18185e-02 	    5.16371e-02
   4.24987e-02 	    5.33713e-02
   4.31899e-02 	    5.51701e-02
   4.38924e-02 	    5.70371e-02
   4.46063e-02 	    5.89762e-02
   4.53319e-02 	    6.09917e-02
   4.60692e-02 	    6.30879e-02
   4.68185e-02 	    6.52694e-02
   4.75800e-02 	    6.75410e-02
   4.83539e-02 	    6.99078e-02
   4.91404e-02 	    7.23751e-02
   4.99397e-02 	    7.49482e-02
   5.07519e-02 	    7.76326e-02
   5.15774e-02 	    8.04342e-02
   5.24163e-02 	    8.33585e-02
   5.32689e-02 	    8.64113e-02
   5.41353e-02 	    8.95983e-02
   5.50158e-02 	    9.29250e-02
   5.59107e-02 	    9.63967e-02
   5.68200e-02 	    1.00018e-01
   5.77442e-02 	    1.03794e-01
   5.86834e-02 	    1.07727e-01
   5.96379e-02 	    1.11822e-01
   6.06079e-02 	    1.16078e-01
   6.15937e-02 	    1.20498e-01
   6.25956e-02 	    1.25080e-01
   6.36137e-02 	    1.29821e-01
   6.46484e-02 	    1.34717e-01
   6.56999e-02 	    1.39762e-01
   6.67685e-02 	    1.44947e-01
   6.78545e-02 	    1.50261e-01
   6.89582e-02 	    1.55691e-01
   7.00798e-02 	    1.61219e-01
   7.12196e-02 	    1.66829e-01
   7.23780e-02 	    1.72499e-01
   7.35552e-02 	    1.78207e-01
   7.47516e-02 	    1.83930e-01
   7.59675e-02 	    1.89642e-01
   7.72031e-02 	    1.95318e-01
   7.84588e-02 	    2.00935e-01
   7.97349e-02 	    2.06469e-01
   8.10318e-02 	    2.11900e-01
   8.23498e-02 	    2.17212e-01
   8.36893e-02 	    2.22393e-01
   8.50505e-02 	    2.27440e-01
   8.64338e-02 	    2.32355e-01
   8.78397e-02 	    2.37147e-01
   8.92684e-02 	    2.41838e-01
   9.07204e-02 	    2.46458e-01
   9.21959e-02 	    2.51046e-01
   9.36955e-02 	    2.55653e-01
   9.52195e-02 	    2.60339e-01
   9.67682e-02 	    2.65172e-01
   9.83422e-02 	    2.70228e-01
   9.99417e-02 	    2.75590e-01
   1.01567e-01 	    2.81343e-01
   1.03219e-01 	    2.87575e-01
   1.04898e-01 	    2.94369e-01
   1.06604e-01 	    3.01808e-01
   1.08338e-01 	    3.09961e-01
   1.10100e-01 	    3.18888e-01
   1.11891e-01 	    3.28629e-01
   1.13711e-01 	    3.39206e-01
   1.15561e-01 	    3.50614e-01
   1.17440e-01 	    3.62817e-01
   1.19350e-01 	    3.75750e-01
   1.21292e-01 	    3.89314e-01
   1.23264e-01 	    4.03374e-01
   1.25269e-01 	    4.17767e-01
   1.27307e-01 	    4.32304e-01
   1.29378e-01 	    4.46779e-01
   1.31482e-01 	    4.60979e-01
   1.33620e-01 	    4.74702e-01
   1.35794e-01 	    4.87771e-01
   1.38002e-01 	    5.00048e-01
   1.40247e-01 	    5.11455e-01
   1.42528e-01 	    5.21983e-01
   1.44846e-01 	    5.31703e-01
   1.47202e-01 	    5.40768e-01
   1.49597e-01 	    5.49411e-01
   1.52030e-01 	    5.57934e-01
   1.54503e-01 	    5.66689e-01
   1.57016e-01 	    5.76063e-01
   1.59570e-01 	    5.86446e-01
   1.62165e-01 	    5.98205e-01
   1.64803e-01 	    6.11656e-01
   1.67483e-01 	    6.27039e-01
   1.70207e-01 	    6.44484e-01
   1.72976e-01 	    6.63997e-01
   1.75789e-01 	    6.85443e-01
   1.78648e-01 	    7.08539e-01
   1.81554e-01 	    7.32867e-01
   1.84507e-01 	    7.57894e-01
   1.87508e-01 	    7.83021e-01
   1.90558e-01 	    8.07645e-01
   1.93657e-01 	    8.31229e-01
   1.96807e-01 	    8.53380e-01
   2.00008e-01 	    8.73920e-01
   2.03261e-01 	    8.92926e-01
   2.06568e-01 	    9.10744e-01
   2.09927e-01 	    9.27962e-01
   2.13342e-01 	    9.45349e-01
   2.16812e-01 	    9.63761e-01
   2.20338e-01 	    9.84035e-01
   2.23922e-01 	    1.00688e+00
   2.27564e-01 	    1.03277e+00
   2.31266e-01 	    1.06188e+00
   2.35027e-01 	    1.09404e+00
   2.38850e-01 	    1.12872e+00
   2.42735e-01 	    1.16511e+00
   2.46683e-01 	    1.20225e+00
   2.50695e-01 	    1.23914e+00
   2.54773e-01 	    1.27498e+00
   2.58917e-01 	    1.30934e+00
   2.63128e-01 	    1.34223e+00
   2.67408e-01 	    1.37419e+00
   2.71757e-01 	    1.40615e+00
   2.76177e-01 	    1.43928e+00
   2.80670e-01 	    1.47476e+00
   2.85235e-01 	    1.51352e+00
   2.89874e-01 	    1.55606e+00
   2.94589e-01 	    1.60232e+00
   2.99380e-01 	    1.65171e+00
   3.04250e-01 	    1.70325e+00
   3.09198e-01 	    1.75578e+00
   3.14228e-01 	    1.80834e+00
   3.19339e-01 	    1.86036e+00
   3.24533e-01 	    1.91195e+00
   3.29811e-01 	    1.96381e+00
   3.35176e-01 	    2.01707e+00
   3.40627e-01 	    2.07297e+00
   3.46168e-01 	    2.13249e+00
   3.51798e-01 	    2.19608e+00
   3.57520e-01 	    2.26353e+00
   3.63335e-01 	    2.33411e+00
   3.69245e-01 	    2.40683e+00
   3.75251e-01 	    2.48085e+00
   3.81354e-01 	    2.55579e+00
   3.87557e-01 	    2.63194e+00
   3.93860e-01 	    2.71012e+00
   4.00267e-01 	    2.79138e+00
   4.06777e-01 	    2.87662e+00
   4.13393e-01 	    2.96622e+00
   4.20117e-01 	    3.06000e+00
   4.26950e-01 	    3.15737e+00
   4.33895e-01 	    3.25766e+00
   4.40952e-01 	    3.36053e+00
   4.48124e-01 	    3.46617e+00
   4.55413e-01 	    3.57521e+00
   4.62820e-01 	    3.68844e+00
   4.70348e-01 	    3.80646e+00
   4.77998e-01 	    3.92945e+00
   4.85773e-01 	    4.05717e+00
   4.93674e-01 	    4.18927e+00
   5.01704e-01 	    4.32556e+00
   5.09864e-01 	    4.46624e+00
   5.18157e-01 	    4.61182e+00
   5.26585e-01 	    4.76286e+00
   5.35150e-01 	    4.91973e+00
   5.43854e-01 	    5.08250e+00
   5.52700e-01 	    5.25106e+00
   5.61690e-01 	    5.42537e+00
   5.70826e-01 	    5.60561e+00
   5.80110e-01 	    5.79219e+00
   5.89546e-01 	    5.98554e+00
   5.99135e-01 	    6.18595e+00
   6.08880e-01 	    6.39353e+00
   6.18783e-01 	    6.60834e+00
   6.28848e-01 	    6.83054e+00
   6.39076e-01 	    7.06043e+00
   6.49471e-01 	    7.29842e+00
   6.60034e-01 	    7.54481e+00
   6.70770e-01 	    7.79980e+00
   6.81680e-01 	    8.06355e+00
   6.92768e-01 	    8.33629e+00
   7.04036e-01 	    8.61835e+00
   7.15487e-01 	    8.91011e+00
   7.27124e-01 	    9.21186e+00
   7.38951e-01 	    9.52381e+00
   7.50970e-01 	    9.84622e+00
   7.63185e-01 	    1.01794e+01
   7.75598e-01 	    1.05237e+01
   7.88213e-01 	    1.08796e+01
   8.01034e-01 	    1.12471e+01
   8.14062e-01 	    1.16267e+01
   8.27303e-01 	    1.20187e+01
   8.40759e-01 	    1.24234e+01
   8.54434e-01 	    1.28412e+01
   8.68332e-01 	    1.32724e+01
   8.82455e-01 	    1.37174e+01
   8.96809e-01 	    1.41764e+01
   9.11395e-01 	    1.46499e+01
   9.26219e-01 	    1.51381e+01
   9.41284e-01 	    1.56415e+01
   9.56594e-01 	    1.61604e+01
   9.72153e-01 	    1.66952e+01
   9.87966e-01 	    1.72462e+01
   1.00403e+00 	    1.78138e+01
   1.02037e+00 	    1.83983e+01
   1.03696e+00 	    1.90002e+01
   1.05383e+00 	    1.96197e+01
   1.07097e+00 	    2.02573e+01
   1.08839e+00 	    2.09133e+01
   1.10609e+00 	    2.15881e+01
   1.12408e+00 	    2.22821e+01
   1.14236e+00 	    2.29955e+01
   1.16095e+00 	    2.37289e+01
   1.17983e+00 	    2.44824e+01
   1.19902e+00 	    2.52566e+01
   1.21852e+00 	    2.60517e+01
   1.23834e+00 	    2.68681e+01
   1.25848e+00 	    2.77061e+01
   1.27895e+00 	    2.85661e+01
   1.29975e+00 	    2.94484e+01
   1.32089e+00 	    3.03533e+01
   1.34238e+00 	    3.12812e+01
   1.36421e+00 	    3.22324e+01
   1.38640e+00 	    3.32071e+01
   1.40895e+00 	    3.42058e+01
   1.43187e+00 	    3.52286e+01
   1.45516e+00 	    3.62760e+01
   1.47883e+00 	    3.73480e+01
   1.50288e+00 	    3.84451e+01
   1.52732e+00 	    3.95675e+01
   1.55217e+00 	    4.07155e+01
   1.57741e+00 	    4.18892e+01
   1.60307e+00 	    4.30889e+01
   1.62914e+00 	    4.43149e+01
   1.65564e+00 	    4.55673e+01
   1.68257e+00 	    4.68464e+01
   1.70994e+00 	    4.81523e+01
   1.73775e+00 	    4.94853e+01
   1.76601e+00 	    5.08455e+01
   1.79474e+00 	    5.22332e+01
   1.82393e+00 	    5.36483e+01
   1.85360e+00 	    5.50912e+01
   1.88374e+00 	    5.65619e+01
   1.91438e+00 	    5.80606e+01
   1.94552e+00 	    5.95874e+01
   1.97717e+00 	    6.11424e+01
   2.00932e+00 	    6.27258e+01
   2.04201e+00 	    6.43376e+01
   2.07522e+00 	    6.59779e+01
   2.10897e+00 	    6.76469e+01
   2.14328e+00 	    6.93446e+01
   2.17814e+00 	    7.10712e+01
   2.21356e+00 	    7.28266e+01
   2.24957e+00 	    7.46110e+01
   2.28616e+00 	    7.64245e+01
   2.32334e+00 	    7.82671e+01
   2.36113e+00 	    8.01390e+01
   2.39954e+00 	    8.20401e+01
   2.43856e+00 	    8.39706e+01
   2.47823e+00 	    8.59306e+01
   2.51854e+00 	    8.79200e+01
   2.55950e+00 	    8.99391e+01
   2.60113e+00 	    9.19878e+01
   2.64344e+00 	    9.40662e+01
   2.68643e+00 	    9.61745e+01
   2.73013e+00 	    9.83128e+01
   2.77454e+00 	    1.00481e+02
   2.81966e+00 	    1.02679e+02
   2.86553e+00 	    1.04908e+02
   2.91213e+00 	    1.07167e+02
   2.95950e+00 	    1.09456e+02
   3.00764e+00 	    1.11775e+02
   3.05656e+00 	    1.14126e+02
   3.10627e+00 	    1.16507e+02
   3.15679e+00 	    1.18918e+02
   3.20814e+00 	    1.21361e+02
   3.26032e+00 	    1.23835e+02
   3.31335e+00 	    1.26340e+02
   3.36724e+00 	    1.28876e+02
   3.42201e+00 	    1.31444e+02
   3.47767e+00 	    1.34043e+02
   3.53423e+00 	    1.36674e+02
   3.59172e+00 	    1.39337e+02
   3.65014e+00 	    1.42032e+02
   3.70951e+00 	    1.44760e+02
   3.76984e+00 	    1.47520e+02
   3.83116e+00 	    1.50312e+02
   3.89348e+00 	    1.53137e+02
   3.95680e+00 	    1.55995e+02
   4.02116e+00 	    1.58887e+02
   4.08657e+00 	    1.61811e+02
   4.15303e+00 	    1.64770e+02
   4.22058e+00 	    1.67762e+02
   4.28923e+00 	    1.70788e+02
   4.35900e+00 	    1.73848e+02
   4.42990e+00 	    1.76943e+02
   4.50195e+00 	    1.80073e+02
   4.57517e+00 	    1.83238e+02
   4.64959e+00 	    1.86438e+02
   4.72521e+00 	    1.89674e+02
   4.80207e+00 	    1.92945e+02
   4.88018e+00 	    1.96252e+02
   4.95955e+00 	    1.99596e+02
   5.04022e+00 	    2.02977e+02
   5.12220e+00 	    2.06395e+02
   5.20551e+00 	    2.09850e+02
   5.29018e+00 	    2.13343e+02
   5.37623e+00 	    2.16873e+02
   5.46367e+00 	    2.20443e+02
   5.55254e+00 	    2.24050e+02
   5.64285e+00 	    2.27697e+02
   5.73463e+00 	    2.31384e+02
   5.82791e+00 	    2.35110e+02
   5.92270e+00 	    2.38876e+02
   6.01903e+00 	    2.42683e+02
   6.11693e+00 	    2.46531e+02
   6.21642e+00 	    2.50421e+02
   6.31753e+00 	    2.54352e+02
   6.42029e+00 	    2.58325e+02
   6.52472e+00 	    2.62342e+02
   6.63084e+00 	    2.66401e+02
   6.73869e+00 	    2.70504e+02
   6.84830e+00 	    2.74651e+02
   6.95969e+00 	    2.78843e+02
   7.07289e+00 	    2.83079e+02
   7.18793e+00 	    2.87362e+02
   7.30484e+00 	    2.91690e+02
   7.42365e+00 	    2.96065e+02
   7.54440e+00 	    3.00487e+02
   7.66711e+00 	    3.04956e+02
   7.79182e+00 	    3.09474e+02
   7.91855e+00 	    3.14040e+02
   8.04735e+00 	    3.18655e+02
   8.17824e+00 	    3.23321e+02
   8.31126e+00 	    3.28036e+02
   8.44644e+00 	    3.32803e+02
   8.58382e+00 	    3.37621e+02
   8.72344e+00 	    3.42491e+02
   8.86533e+00 	    3.47414e+02
   9.00952e+00 	    3.52391e+02
   9.15606e+00 	    3.57421e+02
   9.30499e+00 	    3.62507e+02
   9.45633e+00 	    3.67647e+02
   9.61014e+00 	    3.72843e+02
   9.76645e+00 	    3.78096e+02
   9.92530e+00 	    3.83407e+02
   1.00867e+01 	    3.88775e+02
   1.02508e+01 	    3.94202e+02
   1.04175e+01 	    3.99688e+02
   1.05870e+01 	    4.05235e+02
   1.07592e+01 	    4.10842e+02
   1.09342e+01 	    4.16511e+02
   1.11120e+01 	    4.22243e+02
   1.12928e+01 	    4.28037e+02
   1.14764e+01 	    4.33895e+02
   1.16631e+01 	    4.39818e+02
   1.18528e+01 	    4.45807e+02
   1.20456e+01 	    4.51861e+02
   1.22415e+01 	    4.57983e+02
   1.24406e+01 	    4.64172e+02
   1.26430e+01 	    4.70431e+02
   1.28486e+01 	    4.76758e+02
   1.30576e+01 	    4.83156e+02
   1.32700e+01 	    4.89626e+02
   1.34858e+01 	    4.96167e+02
   1.37052e+01 	    5.02782e+02
   1.39281e+01 	    5.09471e+02
   1.41546e+01 	    5.16234e+02
   1.43848e+01 	    5.23073e+02
   1.46188e+01 	    5.29989e+02
   1.48566e+01 	    5.36982e+02
   1.50982e+01 	    5.44054e+02
   1.53438e+01 	    5.51206e+02
   1.55934e+01 	    5.58438e+02
   1.58470e+01 	    5.65752e+02
   1.61048e+01 	    5.73148e+02
   1.63667e+01 	    5.80628e+02
   1.66329e+01 	    5.88193e+02
   1.69034e+01 	    5.95843e+02
   1.71784e+01 	    6.03580e+02
   1.74578e+01 	    6.11404e+02
   1.77417e+01 	    6.19318e+02
   1.80303e+01 	    6.27321e+02
   1.83236e+01 	    6.35416e+02
   1.86216e+01 	    6.43602e+02
   1.89245e+01 	    6.51882e+02
   1.92323e+01 	    6.60257e+02
   1.95451e+01 	    6.68727e+02
   1.98630e+01 	    6.77294e+02
   2.01861e+01 	    6.85959e+02
   2.05144e+01 	    6.94723e+02
   2.08481e+01 	    7.03587e+02
   2.11872e+01 	    7.12554e+02
   2.15318e+01 	    7.21623e+02
   2.18820e+01 	    7.30796e+02
   2.22379e+01 	    7.40075e+02
   2.25996e+01 	    7.49461e+02
   2.29672e+01 	    7.58955e+02
   2.33408e+01 	    7.68558e+02
   2.37204e+01 	    7.78272e+02
   2.41062e+01 	    7.88098e+02
   2.44983e+01 	    7.98037e+02
   2.48968e+01 	    8.08092e+02
   2.53017e+01 	    8.18263e+02
   2.57133e+01 	    8.28551e+02
   2.61315e+01 	    8.38959e+02
   2.65565e+01 	    8.49487e+02
   2.69885e+01 	    8.60137e+02
   2.74274e+01 	    8.70911e+02
   2.78735e+01 	    8.81811e+02
   2.83269e+01 	    8.92836e+02
   2.87877e+01 	    9.03990e+02
   2.92559e+01 	    9.15274e+02
   2.97317e+01 	    9.26690e+02
   3.02153e+01 	    9.38238e+02
   3.07068e+01 	    9.49920e+02
   3.12062e+01 	    9.61739e+02
   3.17138e+01 	    9.73696e+02
   3.22296e+01 	    9.85793e+02
   3.27538e+01 	    9.98031e+02
   3.32866e+01 	    1.01041e+03
   3.38280e+01 	    1.02294e+03
   3.43782e+01 	    1.03561e+03
   3.49374e+01 	    1.04843e+03
   3.55056e+01 	    1.06140e+03
   3.60831e+01 	    1.07452e+03
   3.66700e+01 	    1.08780e+03
   3.72665e+01 	    1.10123e+03
   3.78726e+01 	    1.11482e+03
   3.84886e+01 	    1.12857e+03
   3.91146e+01 	    1.14248e+03
   3.97508e+01 	    1.15656e+03
   4.03974e+01 	    1.17079e+03
   4.10545e+01 	    1.18520e+03
   4.17222e+01 	    1.19978e+03
   4.24008e+01 	    1.21453e+03
   4.30905e+01 	    1.22945e+03
   4.37914e+01 	    1.24454e+03
   4.45036e+01 	    1.25982e+03
   4.52275e+01 	    1.27527e+03
   4.59631e+01 	    1.29091e+03
   4.67107e+01 	    1.30673e+03
   4.74705e+01 	    1.32274e+03
   4.82426e+01 	    1.33894e+03
   4.90272e+01 	    1.35533e+03
   4.98247e+01 	    1.37191e+03
   5.06351e+01 	    1.38869e+03
   5.14587e+01 	    1.40566e+03
   5.22956e+01 	    1.42284e+03
   5.31462e+01 	    1.44022e+03
   5.40107e+01 	    1.45780e+03
   5.48892e+01 	    1.47560e+03
   5.57819e+01 	    1.49360e+03
   5.66892e+01 	    1.51182e+03
   5.76113e+01 	    1.53025e+03
   5.85483e+01 	    1.54890e+03
   5.95006e+01 	    1.56777e+03
   6.04684e+01 	    1.58687e+03
   6.14519e+01 	    1.60619e+03
   6.24515e+01 	    1.62574e+03
   6.34672e+01 	    1.64552e+03
   6.44995e+01 	    1.66554e+03
   6.55486e+01 	    1.68579e+03
   6.66148e+01 	    1.70629e+03
   6.76983e+01 	    1.72702e+03
   6.87994e+01 	    1.74801e+03
   6.99184e+01 	    1.76924e+03
   7.10557e+01 	    1.79073e+03
   7.22114e+01 	    1.81247e+03
   7.33859e+01 	    1.83447e+03
   7.45795e+01 	    1.85673e+03
   7.57926e+01 	    1.87925e+03
   7.70254e+01 	    1.90204e+03
   7.82782e+01 	    1.92511e+03
   7.95514e+01 	    1.94844e+03
   8.08453e+01 	    1.97206e+03
   8.21602e+01 	    1.99596e+03
   8.34966e+01 	    2.02014e+03
   8.48547e+01 	    2.04460e+03
   8.62348e+01 	    2.06936e+03
   8.76375e+01 	    2.09442e+03
   8.90629e+01 	    2.11977e+03
   9.05115e+01 	    2.14542e+03
   9.19837e+01 	    2.17138e+03
   9.34798e+01 	    2.19765e+03
   9.50003e+01 	    2.22423e+03
   9.65454e+01 	    2.25113e+03
   9.81158e+01 	    2.27835e+03
   9.97116e+01 	    2.30589e+03
   1.01333e+02 	    2.33376e+03
   1.02982e+02 	    2.36197e+03
   1.04657e+02 	    2.39051e+03
   1.06359e+02 	    2.41939e+03
   1.08089e+02 	    2.44861e+03
   1.09847e+02 	    2.47818e+03
   1.11634e+02 	    2.50811e+03
   1.13449e+02 	    2.53839e+03
   1.15295e+02 	    2.56903e+03
   1.17170e+02 	    2.60004e+03
   1.19076e+02 	    2.63142e+03
   1.21012e+02 	    2.66318e+03
   1.22981e+02 	    2.69531e+03
   1.24981e+02 	    2.72782e+03
   1.27014e+02 	    2.76073e+03
   1.29080e+02 	    2.79402e+03
   1.31179e+02 	    2.82772e+03
   1.33313e+02 	    2.86182e+03
   1.35481e+02 	    2.89632e+03
   1.37685e+02 	    2.93124e+03
   1.39924e+02 	    2.96657e+03
   1.42200e+02 	    3.00232e+03
   1.44513e+02 	    3.03850e+03
   1.46864e+02 	    3.07512e+03
   1.49252e+02 	    3.11217e+03
   1.51680e+02 	    3.14966e+03
   1.54147e+02 	    3.18761e+03
   1.56654e+02 	    3.22600e+03
   1.59202e+02 	    3.26486e+03
   1.61792e+02 	    3.30418e+03
   1.64423e+02 	    3.34396e+03
   1.67098e+02 	    3.38423e+03
   1.69815e+02 	    3.42497e+03
   1.72577e+02 	    3.46621e+03
   1.75384e+02 	    3.50793e+03
   1.78237e+02 	    3.55016e+03
   1.81136e+02 	    3.59289e+03
   1.84082e+02 	    3.63613e+03
   1.87076e+02 	    3.67988e+03
   1.90119e+02 	    3.72416e+03
   1.93212e+02 	    3.76897e+03
   1.96354e+02 	    3.81432e+03
   1.99548e+02 	    3.86021e+03
   2.02794e+02 	    3.90664e+03
   2.06092e+02 	    3.95364e+03
   2.09444e+02 	    4.00119e+03
   2.12851e+02 	    4.04932e+03
   2.16313e+02 	    4.09802e+03
   2.19831e+02 	    4.14730e+03
   2.23407e+02 	    4.19717e+03
   2.27040e+02 	    4.24764e+03
   2.30733e+02 	    4.29871e+03
   2.34486e+02 	    4.35039e+03
   2.38300e+02 	    4.40270e+03
   2.42176e+02 	    4.45562e+03
   2.46115e+02 	    4.50918e+03
   2.50118e+02 	    4.56339e+03
   2.54186e+02 	    4.61824e+03
   2.58321e+02 	    4.67375e+03
   2.62522e+02 	    4.72992e+03
   2.66792e+02 	    4.78676e+03
   2.71132e+02 	    4.84429e+03
   2.75542e+02 	    4.90250e+03
   2.80023e+02 	    4.96141e+03
   2.84578e+02 	    5.02103e+03
   2.89207e+02 	    5.08136e+03
   2.93911e+02 	    5.14241e+03
   2.98691e+02 	    5.20419e+03
   3.03549e+02 	    5.26671e+03
   3.08487e+02 	    5.32998e+03
   3.13504e+02 	    5.39401e+03
   3.18603e+02 	    5.45881e+03
   3.23785e+02 	    5.52438e+03
   3.29052e+02 	    5.59073e+03
   3.34404e+02 	    5.65789e+03
   3.39843e+02 	    5.72584e+03
   3.45371e+02 	    5.79461e+03
   3.50988e+02 	    5.86420e+03
   3.56697e+02 	    5.93463e+03
   3.62499e+02 	    6.00590e+03
   3.68395e+02 	    6.07802e+03
   3.74387e+02 	    6.15101e+03
   3.80476e+02 	    6.22487e+03
   3.86665e+02 	    6.29962e+03
   3.92954e+02 	    6.37526e+03
   3.99345e+02 	    6.45180e+03
   4.05841e+02 	    6.52927e+03
   4.12442e+02 	    6.60766e+03
   4.19150e+02 	    6.68699e+03
   4.25967e+02 	    6.76727e+03
   4.32896e+02 	    6.84852e+03
   4.39937e+02 	    6.93073e+03
   4.47093e+02 	    7.01394e+03
   4.54365e+02 	    7.09814e+03
   4.61755e+02 	    7.18334e+03
   4.69265e+02 	    7.26957e+03
   4.76898e+02 	    7.35683e+03
   4.84655e+02 	    7.44514e+03
   4.92538e+02 	    7.53450e+03
   5.00549e+02 	    7.62494e+03
   5.08690e+02 	    7.71646e+03
   5.16964e+02 	    7.80907e+03
   5.25373e+02 	    7.90280e+03
   5.33918e+02 	    7.99765e+03
   5.42602e+02 	    8.09363e+03
   5.51428e+02 	    8.19077e+03
   5.60397e+02 	    8.28907e+03
   5.69512e+02 	    8.38855e+03
   5.78775e+02 	    8.48922e+03
   5.88189e+02 	    8.59109e+03
   5.97756e+02 	    8.69419e+03
   6.07478e+02 	    8.79852e+03
   6.17359e+02 	    8.90410e+03
   6.27400e+02 	    9.01095e+03
   6.37605e+02 	    9.11908e+03
   6.47976e+02 	    9.22850e+03
   6.58515e+02 	    9.33924e+03
   6.69226e+02 	    9.45130e+03
   6.80111e+02 	    9.56471e+03
   6.91173e+02 	    9.67947e+03
   7.02415e+02 	    9.79561e+03
   7.13840e+02 	    9.91314e+03
   7.25450e+02 	    1.00321e+04
   7.37250e+02 	    1.01525e+04
   7.49241e+02 	    1.02743e+04
   7.61428e+02 	    1.03975e+04
   7.73812e+02 	    1.05223e+04
   7.86399e+02 	    1.06485e+04
   7.99189e+02 	    1.07763e+04
   8.12188e+02 	    1.09056e+04
   8.25399e+02 	    1.10364e+04
   8.38824e+02 	    1.11688e+04
   8.52467e+02 	    1.13028e+04
   8.66333e+02 	    1.14384e+04
   8.80424e+02 	    1.15756e+04
   8.94744e+02 	    1.17145e+04
   9.09297e+02 	    1.18550e+04
   9.24087e+02 	    1.19972e+04
   9.39117e+02 	    1.21411e+04
   9.54392e+02 	    1.22868e+04
   9.69915e+02 	    1.24342e+04
   9.85691e+02 	    1.25833e+04
   1.00172e+03 	    1.27343e+04
   1.01802e+03 	    1.28870e+04
   1.03457e+03 	    1.30416e+04
   1.05140e+03 	    1.31981e+04
   1.06850e+03 	    1.33564e+04
   1.08588e+03 	    1.35166e+04
   1.10354e+03 	    1.36787e+04
   1.12149e+03 	    1.38428e+04
   1.13973e+03 	    1.40089e+04
   1.15827e+03 	    1.41769e+04
   1.17711e+03 	    1.43469e+04
   1.19626e+03 	    1.45190e+04
   1.21572e+03 	    1.46932e+04
   1.23549e+03 	    1.48694e+04
   1.25558e+03 	    1.50478e+04
   1.27601e+03 	    1.52283e+04
   1.29676e+03 	    1.54109e+04
   1.31785e+03 	    1.55958e+04
   1.33929e+03 	    1.57828e+04
   1.36107e+03 	    1.59721e+04
   1.38321e+03 	    1.61637e+04
   1.40571e+03 	    1.63576e+04
   1.42857e+03 	    1.65538e+04
