#Omega_b = 0.050000
#Omega_m = 0.300000
#Omega_de = 0.680000
#hubble = 0.700000
#w0 = -0.800000
#wa = 0.200000
#sigma8 = 0.800000
#n_s = 0.960000
#
#k Delta(k)^2 ;; k is in h Mpc^-1 
   1.42857e-04 	    3.64457e-11
   1.45181e-04 	    3.88498e-11
   1.47542e-04 	    4.14124e-11
   1.49942e-04 	    4.41441e-11
   1.52381e-04 	    4.70560e-11
   1.54859e-04 	    5.01599e-11
   1.57378e-04 	    5.34685e-11
   1.59938e-04 	    5.69953e-11
   1.62539e-04 	    6.07548e-11
   1.65183e-04 	    6.47622e-11
   1.67870e-04 	    6.90338e-11
   1.70600e-04 	    7.35872e-11
   1.73375e-04 	    7.84409e-11
   1.76195e-04 	    8.36147e-11
   1.79061e-04 	    8.91297e-11
   1.81973e-04 	    9.50084e-11
   1.84933e-04 	    1.01275e-10
   1.87941e-04 	    1.07954e-10
   1.90998e-04 	    1.15075e-10
   1.94104e-04 	    1.22664e-10
   1.97261e-04 	    1.30754e-10
   2.00470e-04 	    1.39378e-10
   2.03731e-04 	    1.48570e-10
   2.07044e-04 	    1.58368e-10
   2.10412e-04 	    1.68813e-10
   2.13834e-04 	    1.79946e-10
   2.17312e-04 	    1.91813e-10
   2.20847e-04 	    2.04462e-10
   2.24439e-04 	    2.17946e-10
   2.28089e-04 	    2.32319e-10
   2.31799e-04 	    2.47639e-10
   2.35570e-04 	    2.63969e-10
   2.39401e-04 	    2.81376e-10
   2.43295e-04 	    2.99930e-10
   2.47252e-04 	    3.19707e-10
   2.51274e-04 	    3.40789e-10
   2.55361e-04 	    3.63259e-10
   2.59514e-04 	    3.87212e-10
   2.63735e-04 	    4.12743e-10
   2.68025e-04 	    4.39956e-10
   2.72384e-04 	    4.68964e-10
   2.76815e-04 	    4.99883e-10
   2.81317e-04 	    5.32841e-10
   2.85893e-04 	    5.67970e-10
   2.90543e-04 	    6.05415e-10
   2.95269e-04 	    6.45327e-10
   3.00071e-04 	    6.87869e-10
   3.04952e-04 	    7.33215e-10
   3.09912e-04 	    7.81549e-10
   3.14953e-04 	    8.33068e-10
   3.20075e-04 	    8.87981e-10
   3.25281e-04 	    9.46512e-10
   3.30572e-04 	    1.00890e-09
   3.35949e-04 	    1.07540e-09
   3.41413e-04 	    1.14628e-09
   3.46966e-04 	    1.22182e-09
   3.52610e-04 	    1.30235e-09
   3.58345e-04 	    1.38818e-09
   3.64174e-04 	    1.47966e-09
   3.70097e-04 	    1.57716e-09
   3.76116e-04 	    1.68109e-09
   3.82234e-04 	    1.79186e-09
   3.88451e-04 	    1.90993e-09
   3.94769e-04 	    2.03577e-09
   4.01190e-04 	    2.16990e-09
   4.07716e-04 	    2.31286e-09
   4.14347e-04 	    2.46523e-09
   4.21087e-04 	    2.62763e-09
   4.27936e-04 	    2.80072e-09
   4.34896e-04 	    2.98520e-09
   4.41970e-04 	    3.18182e-09
   4.49158e-04 	    3.39139e-09
   4.56464e-04 	    3.61475e-09
   4.63888e-04 	    3.85280e-09
   4.71434e-04 	    4.10652e-09
   4.79101e-04 	    4.37693e-09
   4.86894e-04 	    4.66513e-09
   4.94813e-04 	    4.97229e-09
   5.02862e-04 	    5.29965e-09
   5.11041e-04 	    5.64854e-09
   5.19353e-04 	    6.02037e-09
   5.27800e-04 	    6.41666e-09
   5.36385e-04 	    6.83900e-09
   5.45109e-04 	    7.28911e-09
   5.53975e-04 	    7.76880e-09
   5.62986e-04 	    8.28003e-09
   5.72143e-04 	    8.82485e-09
   5.81449e-04 	    9.40548e-09
   5.90906e-04 	    1.00243e-08
   6.00517e-04 	    1.06837e-08
   6.10285e-04 	    1.13864e-08
   6.20211e-04 	    1.21353e-08
   6.30299e-04 	    1.29334e-08
   6.40551e-04 	    1.37839e-08
   6.50969e-04 	    1.46903e-08
   6.61558e-04 	    1.56561e-08
   6.72318e-04 	    1.66853e-08
   6.83253e-04 	    1.77821e-08
   6.94366e-04 	    1.89508e-08
   7.05660e-04 	    2.01962e-08
   7.17138e-04 	    2.15233e-08
   7.28802e-04 	    2.29375e-08
   7.40656e-04 	    2.44443e-08
   7.52703e-04 	    2.60500e-08
   7.64946e-04 	    2.77609e-08
   7.77388e-04 	    2.95840e-08
   7.90032e-04 	    3.15265e-08
   8.02882e-04 	    3.35963e-08
   8.15941e-04 	    3.58016e-08
   8.29212e-04 	    3.81513e-08
   8.42699e-04 	    4.06549e-08
   8.56406e-04 	    4.33224e-08
   8.70336e-04 	    4.61645e-08
   8.84492e-04 	    4.91925e-08
   8.98878e-04 	    5.24185e-08
   9.13498e-04 	    5.58556e-08
   9.28356e-04 	    5.95174e-08
   9.43456e-04 	    6.34185e-08
   9.58802e-04 	    6.75746e-08
   9.74397e-04 	    7.20022e-08
   9.90245e-04 	    7.67190e-08
   1.00635e-03 	    8.17437e-08
   1.02272e-03 	    8.70965e-08
   1.03935e-03 	    9.27986e-08
   1.05626e-03 	    9.88727e-08
   1.07344e-03 	    1.05343e-07
   1.09090e-03 	    1.12235e-07
   1.10864e-03 	    1.19576e-07
   1.12668e-03 	    1.27396e-07
   1.14500e-03 	    1.35725e-07
   1.16362e-03 	    1.44596e-07
   1.18255e-03 	    1.54045e-07
   1.20179e-03 	    1.64109e-07
   1.22133e-03 	    1.74827e-07
   1.24120e-03 	    1.86242e-07
   1.26139e-03 	    1.98399e-07
   1.28190e-03 	    2.11345e-07
   1.30275e-03 	    2.25133e-07
   1.32394e-03 	    2.39815e-07
   1.34548e-03 	    2.55450e-07
   1.36736e-03 	    2.72099e-07
   1.38960e-03 	    2.89828e-07
   1.41220e-03 	    3.08705e-07
   1.43517e-03 	    3.28806e-07
   1.45852e-03 	    3.50207e-07
   1.48224e-03 	    3.72993e-07
   1.50635e-03 	    3.97253e-07
   1.53085e-03 	    4.23082e-07
   1.55575e-03 	    4.50579e-07
   1.58105e-03 	    4.79852e-07
   1.60677e-03 	    5.11014e-07
   1.63290e-03 	    5.44187e-07
   1.65946e-03 	    5.79498e-07
   1.68645e-03 	    6.17085e-07
   1.71388e-03 	    6.57092e-07
   1.74176e-03 	    6.99674e-07
   1.77009e-03 	    7.44994e-07
   1.79888e-03 	    7.93228e-07
   1.82814e-03 	    8.44561e-07
   1.85787e-03 	    8.99189e-07
   1.88809e-03 	    9.57321e-07
   1.91880e-03 	    1.01918e-06
   1.95001e-03 	    1.08500e-06
   1.98173e-03 	    1.15504e-06
   2.01396e-03 	    1.22956e-06
   2.04672e-03 	    1.30884e-06
   2.08001e-03 	    1.39319e-06
   2.11384e-03 	    1.48292e-06
   2.14822e-03 	    1.57837e-06
   2.18316e-03 	    1.67991e-06
   2.21867e-03 	    1.78792e-06
   2.25476e-03 	    1.90280e-06
   2.29143e-03 	    2.02498e-06
   2.32870e-03 	    2.15493e-06
   2.36658e-03 	    2.29312e-06
   2.40507e-03 	    2.44008e-06
   2.44419e-03 	    2.59634e-06
   2.48395e-03 	    2.76250e-06
   2.52435e-03 	    2.93917e-06
   2.56541e-03 	    3.12701e-06
   2.60713e-03 	    3.32669e-06
   2.64954e-03 	    3.53898e-06
   2.69263e-03 	    3.76463e-06
   2.73643e-03 	    4.00449e-06
   2.78094e-03 	    4.25943e-06
   2.82617e-03 	    4.53038e-06
   2.87214e-03 	    4.81832e-06
   2.91885e-03 	    5.12432e-06
   2.96633e-03 	    5.44947e-06
   3.01458e-03 	    5.79495e-06
   3.06361e-03 	    6.16202e-06
   3.11344e-03 	    6.55198e-06
   3.16408e-03 	    6.96624e-06
   3.21554e-03 	    7.40629e-06
   3.26784e-03 	    7.87370e-06
   3.32100e-03 	    8.37012e-06
   3.37501e-03 	    8.89733e-06
   3.42991e-03 	    9.45720e-06
   3.48569e-03 	    1.00517e-05
   3.54239e-03 	    1.06829e-05
   3.60001e-03 	    1.13530e-05
   3.65856e-03 	    1.20645e-05
   3.71807e-03 	    1.28197e-05
   3.77854e-03 	    1.36213e-05
   3.84000e-03 	    1.44720e-05
   3.90246e-03 	    1.53749e-05
   3.96593e-03 	    1.63330e-05
   4.03044e-03 	    1.73497e-05
   4.09599e-03 	    1.84283e-05
   4.16262e-03 	    1.95726e-05
   4.23032e-03 	    2.07865e-05
   4.29913e-03 	    2.20740e-05
   4.36905e-03 	    2.34396e-05
   4.44012e-03 	    2.48878e-05
   4.51234e-03 	    2.64235e-05
   4.58573e-03 	    2.80518e-05
   4.66032e-03 	    2.97781e-05
   4.73612e-03 	    3.16081e-05
   4.81315e-03 	    3.35480e-05
   4.89144e-03 	    3.56039e-05
   4.97100e-03 	    3.77828e-05
   5.05185e-03 	    4.00916e-05
   5.13402e-03 	    4.25380e-05
   5.21752e-03 	    4.51298e-05
   5.30239e-03 	    4.78753e-05
   5.38863e-03 	    5.07833e-05
   5.47628e-03 	    5.38632e-05
   5.56535e-03 	    5.71247e-05
   5.65587e-03 	    6.05782e-05
   5.74787e-03 	    6.42344e-05
   5.84135e-03 	    6.81050e-05
   5.93636e-03 	    7.22018e-05
   6.03292e-03 	    7.65378e-05
   6.13105e-03 	    8.11261e-05
   6.23077e-03 	    8.59810e-05
   6.33211e-03 	    9.11173e-05
   6.43510e-03 	    9.65506e-05
   6.53977e-03 	    1.02297e-04
   6.64614e-03 	    1.08375e-04
   6.75424e-03 	    1.14801e-04
   6.86410e-03 	    1.21595e-04
   6.97575e-03 	    1.28778e-04
   7.08921e-03 	    1.36370e-04
   7.20451e-03 	    1.44393e-04
   7.32170e-03 	    1.52871e-04
   7.44078e-03 	    1.61828e-04
   7.56181e-03 	    1.71290e-04
   7.68480e-03 	    1.81284e-04
   7.80980e-03 	    1.91838e-04
   7.93682e-03 	    2.02982e-04
   8.06592e-03 	    2.14747e-04
   8.19711e-03 	    2.27166e-04
   8.33044e-03 	    2.40272e-04
   8.46593e-03 	    2.54103e-04
   8.60363e-03 	    2.68694e-04
   8.74357e-03 	    2.84087e-04
   8.88578e-03 	    3.00321e-04
   9.03031e-03 	    3.17439e-04
   9.17719e-03 	    3.35488e-04
   9.32646e-03 	    3.54513e-04
   9.47815e-03 	    3.74564e-04
   9.63232e-03 	    3.95693e-04
   9.78899e-03 	    4.17952e-04
   9.94821e-03 	    4.41399e-04
   1.01100e-02 	    4.66091e-04
   1.02745e-02 	    4.92089e-04
   1.04416e-02 	    5.19456e-04
   1.06114e-02 	    5.48260e-04
   1.07840e-02 	    5.78568e-04
   1.09594e-02 	    6.10452e-04
   1.11377e-02 	    6.43986e-04
   1.13188e-02 	    6.79249e-04
   1.15029e-02 	    7.16319e-04
   1.16900e-02 	    7.55282e-04
   1.18801e-02 	    7.96223e-04
   1.20734e-02 	    8.39231e-04
   1.22698e-02 	    8.84401e-04
   1.24693e-02 	    9.31827e-04
   1.26721e-02 	    9.81610e-04
   1.28783e-02 	    1.03385e-03
   1.30877e-02 	    1.08866e-03
   1.33006e-02 	    1.14614e-03
   1.35169e-02 	    1.20641e-03
   1.37368e-02 	    1.26959e-03
   1.39602e-02 	    1.33578e-03
   1.41873e-02 	    1.40512e-03
   1.44180e-02 	    1.47774e-03
   1.46525e-02 	    1.55375e-03
   1.48909e-02 	    1.63330e-03
   1.51331e-02 	    1.71652e-03
   1.53792e-02 	    1.80354e-03
   1.56294e-02 	    1.89451e-03
   1.58836e-02 	    1.98957e-03
   1.61419e-02 	    2.08886e-03
   1.64045e-02 	    2.19254e-03
   1.66713e-02 	    2.30076e-03
   1.69424e-02 	    2.41366e-03
   1.72180e-02 	    2.53139e-03
   1.74981e-02 	    2.65412e-03
   1.77827e-02 	    2.78200e-03
   1.80719e-02 	    2.91519e-03
   1.83659e-02 	    3.05383e-03
   1.86646e-02 	    3.19809e-03
   1.89682e-02 	    3.34813e-03
   1.92767e-02 	    3.50409e-03
   1.95902e-02 	    3.66614e-03
   1.99088e-02 	    3.83443e-03
   2.02327e-02 	    4.00911e-03
   2.05618e-02 	    4.19033e-03
   2.08962e-02 	    4.37823e-03
   2.12361e-02 	    4.57297e-03
   2.15815e-02 	    4.77469e-03
   2.19325e-02 	    4.98353e-03
   2.22892e-02 	    5.19962e-03
   2.26518e-02 	    5.42311e-03
   2.30202e-02 	    5.65413e-03
   2.33946e-02 	    5.89281e-03
   2.37751e-02 	    6.13927e-03
   2.41619e-02 	    6.39366e-03
   2.45548e-02 	    6.65609e-03
   2.49542e-02 	    6.92670e-03
   2.53601e-02 	    7.20561e-03
   2.57726e-02 	    7.49295e-03
   2.61918e-02 	    7.78886e-03
   2.66178e-02 	    8.09349e-03
   2.70507e-02 	    8.40696e-03
   2.74907e-02 	    8.72944e-03
   2.79379e-02 	    9.06108e-03
   2.83923e-02 	    9.40206e-03
   2.88541e-02 	    9.75258e-03
   2.93234e-02 	    1.01128e-02
   2.98003e-02 	    1.04830e-02
   3.02850e-02 	    1.08634e-02
   3.07776e-02 	    1.12542e-02
   3.12782e-02 	    1.16558e-02
   3.17870e-02 	    1.20685e-02
   3.23040e-02 	    1.24926e-02
   3.28294e-02 	    1.29286e-02
   3.33634e-02 	    1.33767e-02
   3.39061e-02 	    1.38376e-02
   3.44575e-02 	    1.43117e-02
   3.50180e-02 	    1.47995e-02
   3.55876e-02 	    1.53018e-02
   3.61664e-02 	    1.58191e-02
   3.67547e-02 	    1.63522e-02
   3.73525e-02 	    1.69018e-02
   3.79600e-02 	    1.74687e-02
   3.85774e-02 	    1.80540e-02
   3.92049e-02 	    1.86584e-02
   3.98426e-02 	    1.92832e-02
   4.04906e-02 	    1.99294e-02
   4.11492e-02 	    2.05981e-02
   4.18185e-02 	    2.12907e-02
   4.24987e-02 	    2.20086e-02
   4.31899e-02 	    2.27531e-02
   4.38924e-02 	    2.35258e-02
   4.46063e-02 	    2.43283e-02
   4.53319e-02 	    2.51623e-02
   4.60692e-02 	    2.60297e-02
   4.68185e-02 	    2.69323e-02
   4.75800e-02 	    2.78721e-02
   4.83539e-02 	    2.88512e-02
   4.91404e-02 	    2.98718e-02
   4.99397e-02 	    3.09361e-02
   5.07519e-02 	    3.20464e-02
   5.15774e-02 	    3.32049e-02
   5.24163e-02 	    3.44142e-02
   5.32689e-02 	    3.56765e-02
   5.41353e-02 	    3.69941e-02
   5.50158e-02 	    3.83693e-02
   5.59107e-02 	    3.98044e-02
   5.68200e-02 	    4.13011e-02
   5.77442e-02 	    4.28614e-02
   5.86834e-02 	    4.44866e-02
   5.96379e-02 	    4.61778e-02
   6.06079e-02 	    4.79358e-02
   6.15937e-02 	    4.97605e-02
   6.25956e-02 	    5.16516e-02
   6.36137e-02 	    5.36077e-02
   6.46484e-02 	    5.56268e-02
   6.56999e-02 	    5.77061e-02
   6.67685e-02 	    5.98415e-02
   6.78545e-02 	    6.20283e-02
   6.89582e-02 	    6.42604e-02
   7.00798e-02 	    6.65307e-02
   7.12196e-02 	    6.88312e-02
   7.23780e-02 	    7.11529e-02
   7.35552e-02 	    7.34858e-02
   7.47516e-02 	    7.58194e-02
   7.59675e-02 	    7.81428e-02
   7.72031e-02 	    8.04447e-02
   7.84588e-02 	    8.27143e-02
   7.97349e-02 	    8.49412e-02
   8.10318e-02 	    8.71164e-02
   8.23498e-02 	    8.92322e-02
   8.36893e-02 	    9.12830e-02
   8.50505e-02 	    9.32660e-02
   8.64338e-02 	    9.51814e-02
   8.78397e-02 	    9.70329e-02
   8.92684e-02 	    9.88280e-02
   9.07204e-02 	    1.00579e-01
   9.21959e-02 	    1.02301e-01
   9.36955e-02 	    1.04015e-01
   9.52195e-02 	    1.05746e-01
   9.67682e-02 	    1.07522e-01
   9.83422e-02 	    1.09375e-01
   9.99417e-02 	    1.11338e-01
   1.01567e-01 	    1.13448e-01
   1.03219e-01 	    1.15741e-01
   1.04898e-01 	    1.18253e-01
   1.06604e-01 	    1.21017e-01
   1.08338e-01 	    1.24063e-01
   1.10100e-01 	    1.27415e-01
   1.11891e-01 	    1.31090e-01
   1.13711e-01 	    1.35095e-01
   1.15561e-01 	    1.39428e-01
   1.17440e-01 	    1.44071e-01
   1.19350e-01 	    1.48995e-01
   1.21292e-01 	    1.54154e-01
   1.23264e-01 	    1.59490e-01
   1.25269e-01 	    1.64929e-01
   1.27307e-01 	    1.70386e-01
   1.29378e-01 	    1.75772e-01
   1.31482e-01 	    1.80992e-01
   1.33620e-01 	    1.85956e-01
   1.35794e-01 	    1.90583e-01
   1.38002e-01 	    1.94812e-01
   1.40247e-01 	    1.98604e-01
   1.42528e-01 	    2.01952e-01
   1.44846e-01 	    2.04881e-01
   1.47202e-01 	    2.07453e-01
   1.49597e-01 	    2.09763e-01
   1.52030e-01 	    2.11937e-01
   1.54503e-01 	    2.14126e-01
   1.57016e-01 	    2.16492e-01
   1.59570e-01 	    2.19202e-01
   1.62165e-01 	    2.22414e-01
   1.64803e-01 	    2.26264e-01
   1.67483e-01 	    2.30853e-01
   1.70207e-01 	    2.36237e-01
   1.72976e-01 	    2.42413e-01
   1.75789e-01 	    2.49317e-01
   1.78648e-01 	    2.56821e-01
   1.81554e-01 	    2.64735e-01
   1.84507e-01 	    2.72817e-01
   1.87508e-01 	    2.80798e-01
   1.90558e-01 	    2.88405e-01
   1.93657e-01 	    2.95392e-01
   1.96807e-01 	    3.01578e-01
   2.00008e-01 	    3.06872e-01
   2.03261e-01 	    3.11296e-01
   2.06568e-01 	    3.14989e-01
   2.09927e-01 	    3.18197e-01
   2.13342e-01 	    3.21249e-01
   2.16812e-01 	    3.24515e-01
   2.20338e-01 	    3.28361e-01
   2.23922e-01 	    3.33097e-01
   2.27564e-01 	    3.38931e-01
   2.31266e-01 	    3.45934e-01
   2.35027e-01 	    3.54019e-01
   2.38850e-01 	    3.62943e-01
   2.42735e-01 	    3.72330e-01
   2.46683e-01 	    3.81722e-01
   2.50695e-01 	    3.90660e-01
   2.54773e-01 	    3.98760e-01
   2.58917e-01 	    4.05797e-01
   2.63128e-01 	    4.11760e-01
   2.67408e-01 	    4.16859e-01
   2.71757e-01 	    4.21500e-01
   2.76177e-01 	    4.26196e-01
   2.80670e-01 	    4.31471e-01
   2.85235e-01 	    4.37742e-01
   2.89874e-01 	    4.45224e-01
   2.94589e-01 	    4.53882e-01
   2.99380e-01 	    4.63425e-01
   3.04250e-01 	    4.73366e-01
   3.09198e-01 	    4.83142e-01
   3.14228e-01 	    4.92257e-01
   3.19339e-01 	    5.00418e-01
   3.24533e-01 	    5.07622e-01
   3.29811e-01 	    5.14163e-01
   3.35176e-01 	    5.20544e-01
   3.40627e-01 	    5.27325e-01
   3.46168e-01 	    5.34953e-01
   3.51798e-01 	    5.43617e-01
   3.57520e-01 	    5.53195e-01
   3.63335e-01 	    5.63293e-01
   3.69245e-01 	    5.73384e-01
   3.75251e-01 	    5.82999e-01
   3.81354e-01 	    5.91899e-01
   3.87557e-01 	    6.00162e-01
   3.93860e-01 	    6.08141e-01
   4.00267e-01 	    6.16319e-01
   4.06777e-01 	    6.25096e-01
   4.13393e-01 	    6.34632e-01
   4.20117e-01 	    6.44783e-01
   4.26950e-01 	    6.55184e-01
   4.33895e-01 	    6.65426e-01
   4.40952e-01 	    6.75253e-01
   4.48124e-01 	    6.84680e-01
   4.55413e-01 	    6.93966e-01
   4.62820e-01 	    7.03465e-01
   4.70348e-01 	    7.13429e-01
   4.77998e-01 	    7.23881e-01
   4.85773e-01 	    7.34619e-01
   4.93674e-01 	    7.45355e-01
   5.01704e-01 	    7.55889e-01
   5.09864e-01 	    7.66229e-01
   5.18157e-01 	    7.76559e-01
   5.26585e-01 	    7.87107e-01
   5.35150e-01 	    7.97990e-01
   5.43854e-01 	    8.09143e-01
   5.52700e-01 	    8.20390e-01
   5.61690e-01 	    8.31579e-01
   5.70826e-01 	    8.42693e-01
   5.80110e-01 	    8.53848e-01
   5.89546e-01 	    8.65184e-01
   5.99135e-01 	    8.76754e-01
   6.08880e-01 	    8.88487e-01
   6.18783e-01 	    9.00267e-01
   6.28848e-01 	    9.12037e-01
   6.39076e-01 	    9.23845e-01
   6.49471e-01 	    9.35786e-01
   6.60034e-01 	    9.47907e-01
   6.70770e-01 	    9.60168e-01
   6.81680e-01 	    9.72490e-01
   6.92768e-01 	    9.84841e-01
   7.04036e-01 	    9.97268e-01
   7.15487e-01 	    1.00984e+00
   7.27124e-01 	    1.02255e+00
   7.38951e-01 	    1.03536e+00
   7.50970e-01 	    1.04823e+00
   7.63185e-01 	    1.06116e+00
   7.75598e-01 	    1.07421e+00
   7.88213e-01 	    1.08741e+00
   8.01034e-01 	    1.10070e+00
   8.14062e-01 	    1.11405e+00
   8.27303e-01 	    1.12748e+00
   8.40759e-01 	    1.14104e+00
   8.54434e-01 	    1.15473e+00
   8.68332e-01 	    1.16850e+00
   8.82455e-01 	    1.18233e+00
   8.96809e-01 	    1.19627e+00
   9.11395e-01 	    1.21034e+00
   9.26219e-01 	    1.22451e+00
   9.41284e-01 	    1.23874e+00
   9.56594e-01 	    1.25307e+00
   9.72153e-01 	    1.26754e+00
   9.87966e-01 	    1.28210e+00
   1.00403e+00 	    1.29672e+00
   1.02037e+00 	    1.31145e+00
   1.03696e+00 	    1.32632e+00
   1.05383e+00 	    1.34126e+00
   1.07097e+00 	    1.35628e+00
   1.08839e+00 	    1.37142e+00
   1.10609e+00 	    1.38667e+00
   1.12408e+00 	    1.40199e+00
   1.14236e+00 	    1.41741e+00
   1.16095e+00 	    1.43296e+00
   1.17983e+00 	    1.44858e+00
   1.19902e+00 	    1.46429e+00
   1.21852e+00 	    1.48013e+00
   1.23834e+00 	    1.49605e+00
   1.25848e+00 	    1.51206e+00
   1.27895e+00 	    1.52819e+00
   1.29975e+00 	    1.54440e+00
   1.32089e+00 	    1.56070e+00
   1.34238e+00 	    1.57712e+00
   1.36421e+00 	    1.59362e+00
   1.38640e+00 	    1.61022e+00
   1.40895e+00 	    1.62693e+00
   1.43187e+00 	    1.64372e+00
   1.45516e+00 	    1.66061e+00
   1.47883e+00 	    1.67761e+00
   1.50288e+00 	    1.69468e+00
   1.52732e+00 	    1.71188e+00
   1.55217e+00 	    1.72915e+00
   1.57741e+00 	    1.74653e+00
   1.60307e+00 	    1.76400e+00
   1.62914e+00 	    1.78156e+00
   1.65564e+00 	    1.79923e+00
   1.68257e+00 	    1.81698e+00
   1.70994e+00 	    1.83484e+00
   1.73775e+00 	    1.85278e+00
   1.76601e+00 	    1.87082e+00
   1.79474e+00 	    1.88896e+00
   1.82393e+00 	    1.90719e+00
   1.85360e+00 	    1.92551e+00
   1.88374e+00 	    1.94393e+00
   1.91438e+00 	    1.96244e+00
   1.94552e+00 	    1.98105e+00
   1.97717e+00 	    1.99975e+00
   2.00932e+00 	    2.01855e+00
   2.04201e+00 	    2.03743e+00
   2.07522e+00 	    2.05642e+00
   2.10897e+00 	    2.07548e+00
   2.14328e+00 	    2.09465e+00
   2.17814e+00 	    2.11391e+00
   2.21356e+00 	    2.13326e+00
   2.24957e+00 	    2.15270e+00
   2.28616e+00 	    2.17223e+00
   2.32334e+00 	    2.19186e+00
   2.36113e+00 	    2.21157e+00
   2.39954e+00 	    2.23138e+00
   2.43856e+00 	    2.25128e+00
   2.47823e+00 	    2.27126e+00
   2.51854e+00 	    2.29134e+00
   2.55950e+00 	    2.31151e+00
   2.60113e+00 	    2.33177e+00
   2.64344e+00 	    2.35211e+00
   2.68643e+00 	    2.37255e+00
   2.73013e+00 	    2.39308e+00
   2.77454e+00 	    2.41369e+00
   2.81966e+00 	    2.43440e+00
   2.86553e+00 	    2.45519e+00
   2.91213e+00 	    2.47607e+00
   2.95950e+00 	    2.49704e+00
   3.00764e+00 	    2.51810e+00
   3.05656e+00 	    2.53924e+00
   3.10627e+00 	    2.56048e+00
   3.15679e+00 	    2.58180e+00
   3.20814e+00 	    2.60320e+00
   3.26032e+00 	    2.62469e+00
   3.31335e+00 	    2.64627e+00
   3.36724e+00 	    2.66794e+00
   3.42201e+00 	    2.68969e+00
   3.47767e+00 	    2.71153e+00
   3.53423e+00 	    2.73345e+00
   3.59172e+00 	    2.75546e+00
   3.65014e+00 	    2.77755e+00
   3.70951e+00 	    2.79973e+00
   3.76984e+00 	    2.82199e+00
   3.83116e+00 	    2.84434e+00
   3.89348e+00 	    2.86677e+00
   3.95680e+00 	    2.88928e+00
   4.02116e+00 	    2.91188e+00
   4.08657e+00 	    2.93456e+00
   4.15303e+00 	    2.95732e+00
   4.22058e+00 	    2.98017e+00
   4.28923e+00 	    3.00310e+00
   4.35900e+00 	    3.02611e+00
   4.42990e+00 	    3.04920e+00
   4.50195e+00 	    3.07238e+00
   4.57517e+00 	    3.09563e+00
   4.64959e+00 	    3.11897e+00
   4.72521e+00 	    3.14239e+00
   4.80207e+00 	    3.16589e+00
   4.88018e+00 	    3.18947e+00
   4.95955e+00 	    3.21313e+00
   5.04022e+00 	    3.23688e+00
   5.12220e+00 	    3.26070e+00
   5.20551e+00 	    3.28460e+00
   5.29018e+00 	    3.30858e+00
   5.37623e+00 	    3.33264e+00
   5.46367e+00 	    3.35678e+00
   5.55254e+00 	    3.38100e+00
   5.64285e+00 	    3.40529e+00
   5.73463e+00 	    3.42967e+00
   5.82791e+00 	    3.45412e+00
   5.92270e+00 	    3.47865e+00
   6.01903e+00 	    3.50326e+00
   6.11693e+00 	    3.52794e+00
   6.21642e+00 	    3.55271e+00
   6.31753e+00 	    3.57755e+00
   6.42029e+00 	    3.60246e+00
   6.52472e+00 	    3.62745e+00
   6.63084e+00 	    3.65252e+00
   6.73869e+00 	    3.67767e+00
   6.84830e+00 	    3.70289e+00
   6.95969e+00 	    3.72818e+00
   7.07289e+00 	    3.75355e+00
   7.18793e+00 	    3.77900e+00
   7.30484e+00 	    3.80452e+00
   7.42365e+00 	    3.83012e+00
   7.54440e+00 	    3.85579e+00
   7.66711e+00 	    3.88153e+00
   7.79182e+00 	    3.90735e+00
   7.91855e+00 	    3.93324e+00
   8.04735e+00 	    3.95920e+00
   8.17824e+00 	    3.98524e+00
   8.31126e+00 	    4.01135e+00
   8.44644e+00 	    4.03754e+00
   8.58382e+00 	    4.06379e+00
   8.72344e+00 	    4.09012e+00
   8.86533e+00 	    4.11652e+00
   9.00952e+00 	    4.14300e+00
   9.15606e+00 	    4.16954e+00
   9.30499e+00 	    4.19616e+00
   9.45633e+00 	    4.22285e+00
   9.61014e+00 	    4.24960e+00
   9.76645e+00 	    4.27643e+00
   9.92530e+00 	    4.30333e+00
   1.00867e+01 	    4.33030e+00
   1.02508e+01 	    4.35735e+00
   1.04175e+01 	    4.38446e+00
   1.05870e+01 	    4.41164e+00
   1.07592e+01 	    4.43889e+00
   1.09342e+01 	    4.46621e+00
   1.11120e+01 	    4.49359e+00
   1.12928e+01 	    4.52105e+00
   1.14764e+01 	    4.54858e+00
   1.16631e+01 	    4.57617e+00
   1.18528e+01 	    4.60384e+00
   1.20456e+01 	    4.63157e+00
   1.22415e+01 	    4.65937e+00
   1.24406e+01 	    4.68723e+00
   1.26430e+01 	    4.71517e+00
   1.28486e+01 	    4.74317e+00
   1.30576e+01 	    4.77124e+00
   1.32700e+01 	    4.79938e+00
   1.34858e+01 	    4.82758e+00
   1.37052e+01 	    4.85585e+00
   1.39281e+01 	    4.88418e+00
   1.41546e+01 	    4.91258e+00
   1.43848e+01 	    4.94105e+00
   1.46188e+01 	    4.96958e+00
   1.48566e+01 	    4.99818e+00
   1.50982e+01 	    5.02685e+00
   1.53438e+01 	    5.05558e+00
   1.55934e+01 	    5.08437e+00
   1.58470e+01 	    5.11323e+00
   1.61048e+01 	    5.14215e+00
   1.63667e+01 	    5.17114e+00
   1.66329e+01 	    5.20019e+00
   1.69034e+01 	    5.22931e+00
   1.71784e+01 	    5.25849e+00
   1.74578e+01 	    5.28773e+00
   1.77417e+01 	    5.31704e+00
   1.80303e+01 	    5.34641e+00
   1.83236e+01 	    5.37584e+00
   1.86216e+01 	    5.40533e+00
   1.89245e+01 	    5.43489e+00
   1.92323e+01 	    5.46451e+00
   1.95451e+01 	    5.49420e+00
   1.98630e+01 	    5.52394e+00
   2.01861e+01 	    5.55375e+00
   2.05144e+01 	    5.58362e+00
   2.08481e+01 	    5.61355e+00
   2.11872e+01 	    5.64354e+00
   2.15318e+01 	    5.67359e+00
   2.18820e+01 	    5.70371e+00
   2.22379e+01 	    5.73388e+00
   2.25996e+01 	    5.76412e+00
   2.29672e+01 	    5.79441e+00
   2.33408e+01 	    5.82477e+00
   2.37204e+01 	    5.85519e+00
   2.41062e+01 	    5.88566e+00
   2.44983e+01 	    5.91620e+00
   2.48968e+01 	    5.94680e+00
   2.53017e+01 	    5.97745e+00
   2.57133e+01 	    6.00817e+00
   2.61315e+01 	    6.03894e+00
   2.65565e+01 	    6.06977e+00
   2.69885e+01 	    6.10066e+00
   2.74274e+01 	    6.13161e+00
   2.78735e+01 	    6.16262e+00
   2.83269e+01 	    6.19369e+00
   2.87877e+01 	    6.22481e+00
   2.92559e+01 	    6.25599e+00
   2.97317e+01 	    6.28723e+00
   3.02153e+01 	    6.31853e+00
   3.07068e+01 	    6.34988e+00
   3.12062e+01 	    6.38130e+00
   3.17138e+01 	    6.41276e+00
   3.22296e+01 	    6.44429e+00
   3.27538e+01 	    6.47587e+00
   3.32866e+01 	    6.50751e+00
   3.38280e+01 	    6.53921e+00
   3.43782e+01 	    6.57096e+00
   3.49374e+01 	    6.60277e+00
   3.55056e+01 	    6.63463e+00
   3.60831e+01 	    6.66655e+00
   3.66700e+01 	    6.69852e+00
   3.72665e+01 	    6.73055e+00
   3.78726e+01 	    6.76264e+00
   3.84886e+01 	    6.79478e+00
   3.91146e+01 	    6.82697e+00
   3.97508e+01 	    6.85922e+00
   4.03974e+01 	    6.89153e+00
   4.10545e+01 	    6.92388e+00
   4.17222e+01 	    6.95630e+00
   4.24008e+01 	    6.98876e+00
   4.30905e+01 	    7.02129e+00
   4.37914e+01 	    7.05386e+00
   4.45036e+01 	    7.08649e+00
   4.52275e+01 	    7.11917e+00
   4.59631e+01 	    7.15190e+00
   4.67107e+01 	    7.18469e+00
   4.74705e+01 	    7.21753e+00
   4.82426e+01 	    7.25043e+00
   4.90272e+01 	    7.28337e+00
   4.98247e+01 	    7.31637e+00
   5.06351e+01 	    7.34942e+00
   5.14587e+01 	    7.38253e+00
   5.22956e+01 	    7.41568e+00
   5.31462e+01 	    7.44889e+00
   5.40107e+01 	    7.48215e+00
   5.48892e+01 	    7.51546e+00
   5.57819e+01 	    7.54882e+00
   5.66892e+01 	    7.58224e+00
   5.76113e+01 	    7.61570e+00
   5.85483e+01 	    7.64922e+00
   5.95006e+01 	    7.68278e+00
   6.04684e+01 	    7.71640e+00
   6.14519e+01 	    7.75007e+00
   6.24515e+01 	    7.78379e+00
   6.34672e+01 	    7.81755e+00
   6.44995e+01 	    7.85137e+00
   6.55486e+01 	    7.88524e+00
   6.66148e+01 	    7.91916e+00
   6.76983e+01 	    7.95313e+00
   6.87994e+01 	    7.98714e+00
   6.99184e+01 	    8.02121e+00
   7.10557e+01 	    8.05532e+00
   7.22114e+01 	    8.08949e+00
   7.33859e+01 	    8.12370e+00
   7.45795e+01 	    8.15796e+00
   7.57926e+01 	    8.19228e+00
   7.70254e+01 	    8.22663e+00
   7.82782e+01 	    8.26104e+00
   7.95514e+01 	    8.29550e+00
   8.08453e+01 	    8.33000e+00
   8.21602e+01 	    8.36455e+00
   8.34966e+01 	    8.39915e+00
   8.48547e+01 	    8.43380e+00
   8.62348e+01 	    8.46849e+00
   8.76375e+01 	    8.50324e+00
   8.90629e+01 	    8.53802e+00
   9.05115e+01 	    8.57286e+00
   9.19837e+01 	    8.60774e+00
   9.34798e+01 	    8.64267e+00
   9.50003e+01 	    8.67765e+00
   9.65454e+01 	    8.71267e+00
   9.81158e+01 	    8.74774e+00
   9.97116e+01 	    8.78285e+00
   1.01333e+02 	    8.81802e+00
   1.02982e+02 	    8.85322e+00
   1.04657e+02 	    8.88847e+00
   1.06359e+02 	    8.92377e+00
   1.08089e+02 	    8.95912e+00
   1.09847e+02 	    8.99451e+00
   1.11634e+02 	    9.02994e+00
   1.13449e+02 	    9.06542e+00
   1.15295e+02 	    9.10094e+00
   1.17170e+02 	    9.13651e+00
   1.19076e+02 	    9.17213e+00
   1.21012e+02 	    9.20778e+00
   1.22981e+02 	    9.24349e+00
   1.24981e+02 	    9.27923e+00
   1.27014e+02 	    9.31502e+00
   1.29080e+02 	    9.35086e+00
   1.31179e+02 	    9.38674e+00
   1.33313e+02 	    9.42266e+00
   1.35481e+02 	    9.45863e+00
   1.37685e+02 	    9.49463e+00
   1.39924e+02 	    9.53069e+00
   1.42200e+02 	    9.56678e+00
   1.44513e+02 	    9.60292e+00
   1.46864e+02 	    9.63910e+00
   1.49252e+02 	    9.67533e+00
   1.51680e+02 	    9.71159e+00
   1.54147e+02 	    9.74790e+00
   1.56654e+02 	    9.78426e+00
   1.59202e+02 	    9.82065e+00
   1.61792e+02 	    9.85709e+00
   1.64423e+02 	    9.89356e+00
   1.67098e+02 	    9.93008e+00
   1.69815e+02 	    9.96665e+00
   1.72577e+02 	    1.00032e+01
   1.75384e+02 	    1.00399e+01
   1.78237e+02 	    1.00766e+01
   1.81136e+02 	    1.01133e+01
   1.84082e+02 	    1.01501e+01
   1.87076e+02 	    1.01869e+01
   1.90119e+02 	    1.02237e+01
   1.93212e+02 	    1.02606e+01
   1.96354e+02 	    1.02976e+01
   1.99548e+02 	    1.03345e+01
   2.02794e+02 	    1.03715e+01
   2.06092e+02 	    1.04086e+01
   2.09444e+02 	    1.04457e+01
   2.12851e+02 	    1.04828e+01
   2.16313e+02 	    1.05200e+01
   2.19831e+02 	    1.05572e+01
   2.23407e+02 	    1.05944e+01
   2.27040e+02 	    1.06317e+01
   2.30733e+02 	    1.06691e+01
   2.34486e+02 	    1.07064e+01
   2.38300e+02 	    1.07438e+01
   2.42176e+02 	    1.07813e+01
   2.46115e+02 	    1.08188e+01
   2.50118e+02 	    1.08563e+01
   2.54186e+02 	    1.08939e+01
   2.58321e+02 	    1.09315e+01
   2.62522e+02 	    1.09691e+01
   2.66792e+02 	    1.10068e+01
   2.71132e+02 	    1.10445e+01
   2.75542e+02 	    1.10822e+01
   2.80023e+02 	    1.11200e+01
   2.84578e+02 	    1.11579e+01
   2.89207e+02 	    1.11957e+01
   2.93911e+02 	    1.12336e+01
   2.98691e+02 	    1.12716e+01
   3.03549e+02 	    1.13095e+01
   3.08487e+02 	    1.13475e+01
   3.13504e+02 	    1.13856e+01
   3.18603e+02 	    1.14237e+01
   3.23785e+02 	    1.14618e+01
   3.29052e+02 	    1.15000e+01
   3.34404e+02 	    1.15382e+01
   3.39843e+02 	    1.15764e+01
   3.45371e+02 	    1.16147e+01
   3.50988e+02 	    1.16530e+01
   3.56697e+02 	    1.16913e+01
   3.62499e+02 	    1.17297e+01
   3.68395e+02 	    1.17681e+01
   3.74387e+02 	    1.18066e+01
   3.80476e+02 	    1.18450e+01
   3.86665e+02 	    1.18836e+01
   3.92954e+02 	    1.19221e+01
   3.99345e+02 	    1.19607e+01
   4.05841e+02 	    1.19993e+01
   4.12442e+02 	    1.20380e+01
   4.19150e+02 	    1.20767e+01
   4.25967e+02 	    1.21154e+01
   4.32896e+02 	    1.21542e+01
   4.39937e+02 	    1.21930e+01
   4.47093e+02 	    1.22318e+01
   4.54365e+02 	    1.22707e+01
   4.61755e+02 	    1.23096e+01
   4.69265e+02 	    1.23485e+01
   4.76898e+02 	    1.23875e+01
   4.84655e+02 	    1.24265e+01
   4.92538e+02 	    1.24655e+01
   5.00549e+02 	    1.25046e+01
   5.08690e+02 	    1.25437e+01
   5.16964e+02 	    1.25828e+01
   5.25373e+02 	    1.26220e+01
   5.33918e+02 	    1.26612e+01
   5.42602e+02 	    1.27004e+01
   5.51428e+02 	    1.27396e+01
   5.60397e+02 	    1.27789e+01
   5.69512e+02 	    1.28183e+01
   5.78775e+02 	    1.28576e+01
   5.88189e+02 	    1.28970e+01
   5.97756e+02 	    1.29365e+01
   6.07478e+02 	    1.29759e+01
   6.17359e+02 	    1.30154e+01
   6.27400e+02 	    1.30549e+01
   6.37605e+02 	    1.30945e+01
   6.47976e+02 	    1.31341e+01
   6.58515e+02 	    1.31737e+01
   6.69226e+02 	    1.32133e+01
   6.80111e+02 	    1.32530e+01
   6.91173e+02 	    1.32927e+01
   7.02415e+02 	    1.33325e+01
   7.13840e+02 	    1.33722e+01
   7.25450e+02 	    1.34120e+01
   7.37250e+02 	    1.34519e+01
   7.49241e+02 	    1.34917e+01
   7.61428e+02 	    1.35316e+01
   7.73812e+02 	    1.35716e+01
   7.86399e+02 	    1.36115e+01
   7.99189e+02 	    1.36515e+01
   8.12188e+02 	    1.36915e+01
   8.25399e+02 	    1.37315e+01
   8.38824e+02 	    1.37716e+01
   8.52467e+02 	    1.38117e+01
   8.66333e+02 	    1.38519e+01
   8.80424e+02 	    1.38920e+01
   8.94744e+02 	    1.39322e+01
   9.09297e+02 	    1.39724e+01
   9.24087e+02 	    1.40127e+01
   9.39117e+02 	    1.40530e+01
   9.54392e+02 	    1.40933e+01
   9.69915e+02 	    1.41336e+01
   9.85691e+02 	    1.41740e+01
   1.00172e+03 	    1.42144e+01
   1.01802e+03 	    1.42548e+01
   1.03457e+03 	    1.42952e+01
   1.05140e+03 	    1.43357e+01
   1.06850e+03 	    1.43762e+01
   1.08588e+03 	    1.44168e+01
   1.10354e+03 	    1.44573e+01
   1.12149e+03 	    1.44979e+01
   1.13973e+03 	    1.45385e+01
   1.15827e+03 	    1.45792e+01
   1.17711e+03 	    1.46198e+01
   1.19626e+03 	    1.46605e+01
   1.21572e+03 	    1.47013e+01
   1.23549e+03 	    1.47420e+01
   1.25558e+03 	    1.47828e+01
   1.27601e+03 	    1.48236e+01
   1.29676e+03 	    1.48645e+01
   1.31785e+03 	    1.49053e+01
   1.33929e+03 	    1.49462e+01
   1.36107e+03 	    1.49871e+01
   1.38321e+03 	    1.50281e+01
   1.40571e+03 	    1.50690e+01
   1.42857e+03 	    1.51100e+01
