#Omega_b = 0.050000
#Omega_m = 0.300000
#Omega_de = 0.680000
#hubble = 0.700000
#w0 = -0.800000
#wa = 0.200000
#sigma8 = 0.800000
#n_s = 0.960000
#
#R    R*R*xi_LIN(R) ;; R is in h^-1 Mpc,   R*R*xi_NONLIN(R) is in (h^-1 Mpc)^2.  
   7.00000e-02 	    1.04132e+00
   7.05633e-02 	    1.05009e+00
   7.11311e-02 	    1.05892e+00
   7.17034e-02 	    1.06781e+00
   7.22804e-02 	    1.07677e+00
   7.28620e-02 	    1.08579e+00
   7.34483e-02 	    1.09488e+00
   7.40393e-02 	    1.10403e+00
   7.46351e-02 	    1.11324e+00
   7.52356e-02 	    1.12251e+00
   7.58410e-02 	    1.13185e+00
   7.64513e-02 	    1.14126e+00
   7.70664e-02 	    1.15073e+00
   7.76866e-02 	    1.16026e+00
   7.83117e-02 	    1.16986e+00
   7.89418e-02 	    1.17953e+00
   7.95770e-02 	    1.18926e+00
   8.02173e-02 	    1.19905e+00
   8.08628e-02 	    1.20891e+00
   8.15135e-02 	    1.21884e+00
   8.21694e-02 	    1.22883e+00
   8.28306e-02 	    1.23889e+00
   8.34971e-02 	    1.24902e+00
   8.41689e-02 	    1.25921e+00
   8.48462e-02 	    1.26946e+00
   8.55289e-02 	    1.27978e+00
   8.62172e-02 	    1.29017e+00
   8.69109e-02 	    1.30063e+00
   8.76102e-02 	    1.31115e+00
   8.83152e-02 	    1.32173e+00
   8.90258e-02 	    1.33238e+00
   8.97422e-02 	    1.34310e+00
   9.04643e-02 	    1.35389e+00
   9.11922e-02 	    1.36474e+00
   9.19260e-02 	    1.37565e+00
   9.26657e-02 	    1.38664e+00
   9.34114e-02 	    1.39769e+00
   9.41630e-02 	    1.40880e+00
   9.49207e-02 	    1.41999e+00
   9.56845e-02 	    1.43124e+00
   9.64544e-02 	    1.44256e+00
   9.72305e-02 	    1.45395e+00
   9.80129e-02 	    1.46540e+00
   9.88016e-02 	    1.47692e+00
   9.95966e-02 	    1.48851e+00
   1.00398e-01 	    1.50017e+00
   1.01206e-01 	    1.51189e+00
   1.02020e-01 	    1.52369e+00
   1.02841e-01 	    1.53555e+00
   1.03669e-01 	    1.54748e+00
   1.04503e-01 	    1.55947e+00
   1.05344e-01 	    1.57154e+00
   1.06191e-01 	    1.58367e+00
   1.07046e-01 	    1.59588e+00
   1.07907e-01 	    1.60815e+00
   1.08776e-01 	    1.62048e+00
   1.09651e-01 	    1.63289e+00
   1.10533e-01 	    1.64537e+00
   1.11423e-01 	    1.65791e+00
   1.12319e-01 	    1.67052e+00
   1.13223e-01 	    1.68320e+00
   1.14134e-01 	    1.69595e+00
   1.15052e-01 	    1.70876e+00
   1.15978e-01 	    1.72165e+00
   1.16911e-01 	    1.73460e+00
   1.17852e-01 	    1.74762e+00
   1.18800e-01 	    1.76071e+00
   1.19756e-01 	    1.77387e+00
   1.20720e-01 	    1.78709e+00
   1.21691e-01 	    1.80038e+00
   1.22671e-01 	    1.81374e+00
   1.23658e-01 	    1.82717e+00
   1.24653e-01 	    1.84067e+00
   1.25656e-01 	    1.85423e+00
   1.26667e-01 	    1.86786e+00
   1.27686e-01 	    1.88155e+00
   1.28713e-01 	    1.89532e+00
   1.29749e-01 	    1.90915e+00
   1.30793e-01 	    1.92304e+00
   1.31846e-01 	    1.93701e+00
   1.32906e-01 	    1.95103e+00
   1.33976e-01 	    1.96513e+00
   1.35054e-01 	    1.97929e+00
   1.36141e-01 	    1.99351e+00
   1.37236e-01 	    2.00780e+00
   1.38340e-01 	    2.02216e+00
   1.39454e-01 	    2.03658e+00
   1.40576e-01 	    2.05106e+00
   1.41707e-01 	    2.06561e+00
   1.42847e-01 	    2.08022e+00
   1.43997e-01 	    2.09489e+00
   1.45155e-01 	    2.10963e+00
   1.46323e-01 	    2.12443e+00
   1.47501e-01 	    2.13929e+00
   1.48688e-01 	    2.15421e+00
   1.49884e-01 	    2.16920e+00
   1.51090e-01 	    2.18424e+00
   1.52306e-01 	    2.19935e+00
   1.53531e-01 	    2.21452e+00
   1.54767e-01 	    2.22975e+00
   1.56012e-01 	    2.24504e+00
   1.57267e-01 	    2.26038e+00
   1.58533e-01 	    2.27579e+00
   1.59809e-01 	    2.29125e+00
   1.61094e-01 	    2.30678e+00
   1.62391e-01 	    2.32236e+00
   1.63697e-01 	    2.33799e+00
   1.65015e-01 	    2.35369e+00
   1.66342e-01 	    2.36944e+00
   1.67681e-01 	    2.38524e+00
   1.69030e-01 	    2.40110e+00
   1.70390e-01 	    2.41701e+00
   1.71761e-01 	    2.43298e+00
   1.73143e-01 	    2.44900e+00
   1.74537e-01 	    2.46507e+00
   1.75941e-01 	    2.48120e+00
   1.77357e-01 	    2.49737e+00
   1.78784e-01 	    2.51360e+00
   1.80223e-01 	    2.52987e+00
   1.81673e-01 	    2.54620e+00
   1.83135e-01 	    2.56257e+00
   1.84608e-01 	    2.57899e+00
   1.86094e-01 	    2.59546e+00
   1.87591e-01 	    2.61198e+00
   1.89100e-01 	    2.62854e+00
   1.90622e-01 	    2.64514e+00
   1.92156e-01 	    2.66179e+00
   1.93702e-01 	    2.67849e+00
   1.95261e-01 	    2.69523e+00
   1.96832e-01 	    2.71201e+00
   1.98416e-01 	    2.72883e+00
   2.00012e-01 	    2.74569e+00
   2.01622e-01 	    2.76260e+00
   2.03244e-01 	    2.77954e+00
   2.04880e-01 	    2.79652e+00
   2.06528e-01 	    2.81354e+00
   2.08190e-01 	    2.83059e+00
   2.09865e-01 	    2.84768e+00
   2.11554e-01 	    2.86481e+00
   2.13256e-01 	    2.88197e+00
   2.14972e-01 	    2.89917e+00
   2.16702e-01 	    2.91639e+00
   2.18446e-01 	    2.93365e+00
   2.20203e-01 	    2.95094e+00
   2.21975e-01 	    2.96826e+00
   2.23761e-01 	    2.98560e+00
   2.25562e-01 	    3.00297e+00
   2.27377e-01 	    3.02037e+00
   2.29207e-01 	    3.03780e+00
   2.31051e-01 	    3.05525e+00
   2.32910e-01 	    3.07272e+00
   2.34784e-01 	    3.09022e+00
   2.36673e-01 	    3.10774e+00
   2.38578e-01 	    3.12528e+00
   2.40498e-01 	    3.14284e+00
   2.42433e-01 	    3.16041e+00
   2.44384e-01 	    3.17801e+00
   2.46350e-01 	    3.19562e+00
   2.48332e-01 	    3.21325e+00
   2.50330e-01 	    3.23089e+00
   2.52345e-01 	    3.24854e+00
   2.54375e-01 	    3.26621e+00
   2.56422e-01 	    3.28388e+00
   2.58485e-01 	    3.30157e+00
   2.60565e-01 	    3.31927e+00
   2.62662e-01 	    3.33697e+00
   2.64776e-01 	    3.35468e+00
   2.66906e-01 	    3.37239e+00
   2.69054e-01 	    3.39011e+00
   2.71219e-01 	    3.40783e+00
   2.73401e-01 	    3.42555e+00
   2.75601e-01 	    3.44327e+00
   2.77819e-01 	    3.46099e+00
   2.80054e-01 	    3.47871e+00
   2.82308e-01 	    3.49642e+00
   2.84579e-01 	    3.51413e+00
   2.86869e-01 	    3.53183e+00
   2.89178e-01 	    3.54953e+00
   2.91504e-01 	    3.56721e+00
   2.93850e-01 	    3.58489e+00
   2.96215e-01 	    3.60255e+00
   2.98598e-01 	    3.62020e+00
   3.01001e-01 	    3.63784e+00
   3.03423e-01 	    3.65546e+00
   3.05864e-01 	    3.67307e+00
   3.08325e-01 	    3.69066e+00
   3.10806e-01 	    3.70823e+00
   3.13307e-01 	    3.72578e+00
   3.15828e-01 	    3.74331e+00
   3.18370e-01 	    3.76081e+00
   3.20932e-01 	    3.77829e+00
   3.23514e-01 	    3.79575e+00
   3.26117e-01 	    3.81318e+00
   3.28741e-01 	    3.83058e+00
   3.31386e-01 	    3.84796e+00
   3.34053e-01 	    3.86530e+00
   3.36741e-01 	    3.88261e+00
   3.39451e-01 	    3.89989e+00
   3.42182e-01 	    3.91713e+00
   3.44935e-01 	    3.93434e+00
   3.47711e-01 	    3.95151e+00
   3.50509e-01 	    3.96864e+00
   3.53329e-01 	    3.98573e+00
   3.56172e-01 	    4.00278e+00
   3.59038e-01 	    4.01978e+00
   3.61927e-01 	    4.03675e+00
   3.64840e-01 	    4.05366e+00
   3.67775e-01 	    4.07054e+00
   3.70735e-01 	    4.08736e+00
   3.73718e-01 	    4.10413e+00
   3.76725e-01 	    4.12086e+00
   3.79756e-01 	    4.13753e+00
   3.82812e-01 	    4.15416e+00
   3.85892e-01 	    4.17072e+00
   3.88998e-01 	    4.18724e+00
   3.92128e-01 	    4.20369e+00
   3.95283e-01 	    4.22009e+00
   3.98464e-01 	    4.23643e+00
   4.01670e-01 	    4.25272e+00
   4.04902e-01 	    4.26894e+00
   4.08160e-01 	    4.28510e+00
   4.11444e-01 	    4.30119e+00
   4.14755e-01 	    4.31723e+00
   4.18092e-01 	    4.33319e+00
   4.21457e-01 	    4.34909e+00
   4.24848e-01 	    4.36492e+00
   4.28266e-01 	    4.38069e+00
   4.31713e-01 	    4.39638e+00
   4.35186e-01 	    4.41200e+00
   4.38688e-01 	    4.42755e+00
   4.42218e-01 	    4.44303e+00
   4.45776e-01 	    4.45843e+00
   4.49363e-01 	    4.47376e+00
   4.52979e-01 	    4.48901e+00
   4.56624e-01 	    4.50418e+00
   4.60298e-01 	    4.51928e+00
   4.64002e-01 	    4.53430e+00
   4.67736e-01 	    4.54923e+00
   4.71500e-01 	    4.56409e+00
   4.75294e-01 	    4.57887e+00
   4.79118e-01 	    4.59356e+00
   4.82973e-01 	    4.60817e+00
   4.86860e-01 	    4.62270e+00
   4.90777e-01 	    4.63714e+00
   4.94726e-01 	    4.65150e+00
   4.98707e-01 	    4.66578e+00
   5.02720e-01 	    4.67996e+00
   5.06765e-01 	    4.69407e+00
   5.10843e-01 	    4.70808e+00
   5.14953e-01 	    4.72201e+00
   5.19097e-01 	    4.73585e+00
   5.23274e-01 	    4.74959e+00
   5.27485e-01 	    4.76326e+00
   5.31729e-01 	    4.77683e+00
   5.36008e-01 	    4.79031e+00
   5.40321e-01 	    4.80369e+00
   5.44668e-01 	    4.81699e+00
   5.49051e-01 	    4.83020e+00
   5.53469e-01 	    4.84331e+00
   5.57923e-01 	    4.85633e+00
   5.62412e-01 	    4.86926e+00
   5.66937e-01 	    4.88210e+00
   5.71499e-01 	    4.89484e+00
   5.76098e-01 	    4.90749e+00
   5.80734e-01 	    4.92005e+00
   5.85406e-01 	    4.93251e+00
   5.90117e-01 	    4.94488e+00
   5.94865e-01 	    4.95716e+00
   5.99652e-01 	    4.96934e+00
   6.04477e-01 	    4.98144e+00
   6.09341e-01 	    4.99344e+00
   6.14244e-01 	    5.00535e+00
   6.19187e-01 	    5.01716e+00
   6.24169e-01 	    5.02889e+00
   6.29192e-01 	    5.04052e+00
   6.34254e-01 	    5.05206e+00
   6.39358e-01 	    5.06351e+00
   6.44503e-01 	    5.07488e+00
   6.49689e-01 	    5.08615e+00
   6.54917e-01 	    5.09733e+00
   6.60186e-01 	    5.10842e+00
   6.65499e-01 	    5.11942e+00
   6.70854e-01 	    5.13034e+00
   6.76252e-01 	    5.14116e+00
   6.81693e-01 	    5.15190e+00
   6.87179e-01 	    5.16255e+00
   6.92708e-01 	    5.17311e+00
   6.98282e-01 	    5.18359e+00
   7.03901e-01 	    5.19398e+00
   7.09565e-01 	    5.20429e+00
   7.15274e-01 	    5.21450e+00
   7.21030e-01 	    5.22464e+00
   7.26832e-01 	    5.23470e+00
   7.32680e-01 	    5.24467e+00
   7.38576e-01 	    5.25457e+00
   7.44519e-01 	    5.26438e+00
   7.50509e-01 	    5.27413e+00
   7.56549e-01 	    5.28379e+00
   7.62636e-01 	    5.29339e+00
   7.68773e-01 	    5.30291e+00
   7.74959e-01 	    5.31236e+00
   7.81195e-01 	    5.32175e+00
   7.87480e-01 	    5.33107e+00
   7.93817e-01 	    5.34032e+00
   8.00205e-01 	    5.34951e+00
   8.06643e-01 	    5.35863e+00
   8.13134e-01 	    5.36770e+00
   8.19677e-01 	    5.37671e+00
   8.26273e-01 	    5.38566e+00
   8.32921e-01 	    5.39456e+00
   8.39624e-01 	    5.40340e+00
   8.46380e-01 	    5.41219e+00
   8.53190e-01 	    5.42092e+00
   8.60055e-01 	    5.42961e+00
   8.66976e-01 	    5.43825e+00
   8.73952e-01 	    5.44685e+00
   8.80984e-01 	    5.45539e+00
   8.88073e-01 	    5.46390e+00
   8.95219e-01 	    5.47236e+00
   9.02423e-01 	    5.48078e+00
   9.09684e-01 	    5.48916e+00
   9.17004e-01 	    5.49751e+00
   9.24383e-01 	    5.50583e+00
   9.31821e-01 	    5.51411e+00
   9.39319e-01 	    5.52237e+00
   9.46877e-01 	    5.53060e+00
   9.54496e-01 	    5.53881e+00
   9.62177e-01 	    5.54699e+00
   9.69919e-01 	    5.55516e+00
   9.77723e-01 	    5.56330e+00
   9.85591e-01 	    5.57144e+00
   9.93521e-01 	    5.57956e+00
   1.00152e+00 	    5.58766e+00
   1.00957e+00 	    5.59576e+00
   1.01770e+00 	    5.60385e+00
   1.02589e+00 	    5.61193e+00
   1.03414e+00 	    5.62000e+00
   1.04246e+00 	    5.62808e+00
   1.05085e+00 	    5.63614e+00
   1.05931e+00 	    5.64421e+00
   1.06783e+00 	    5.65227e+00
   1.07642e+00 	    5.66033e+00
   1.08509e+00 	    5.66838e+00
   1.09382e+00 	    5.67644e+00
   1.10262e+00 	    5.68449e+00
   1.11149e+00 	    5.69254e+00
   1.12043e+00 	    5.70059e+00
   1.12945e+00 	    5.70864e+00
   1.13854e+00 	    5.71669e+00
   1.14770e+00 	    5.72475e+00
   1.15693e+00 	    5.73283e+00
   1.16624e+00 	    5.74092e+00
   1.17563e+00 	    5.74904e+00
   1.18509e+00 	    5.75718e+00
   1.19462e+00 	    5.76536e+00
   1.20424e+00 	    5.77357e+00
   1.21393e+00 	    5.78182e+00
   1.22369e+00 	    5.79012e+00
   1.23354e+00 	    5.79846e+00
   1.24347e+00 	    5.80686e+00
   1.25347e+00 	    5.81532e+00
   1.26356e+00 	    5.82384e+00
   1.27373e+00 	    5.83243e+00
   1.28397e+00 	    5.84110e+00
   1.29431e+00 	    5.84983e+00
   1.30472e+00 	    5.85865e+00
   1.31522e+00 	    5.86755e+00
   1.32580e+00 	    5.87654e+00
   1.33647e+00 	    5.88562e+00
   1.34722e+00 	    5.89479e+00
   1.35807e+00 	    5.90406e+00
   1.36899e+00 	    5.91343e+00
   1.38001e+00 	    5.92291e+00
   1.39111e+00 	    5.93249e+00
   1.40231e+00 	    5.94218e+00
   1.41359e+00 	    5.95199e+00
   1.42497e+00 	    5.96191e+00
   1.43643e+00 	    5.97195e+00
   1.44799e+00 	    5.98212e+00
   1.45964e+00 	    5.99242e+00
   1.47139e+00 	    6.00285e+00
   1.48323e+00 	    6.01342e+00
   1.49516e+00 	    6.02414e+00
   1.50719e+00 	    6.03500e+00
   1.51932e+00 	    6.04600e+00
   1.53154e+00 	    6.05716e+00
   1.54387e+00 	    6.06848e+00
   1.55629e+00 	    6.07995e+00
   1.56881e+00 	    6.09158e+00
   1.58144e+00 	    6.10338e+00
   1.59416e+00 	    6.11534e+00
   1.60699e+00 	    6.12746e+00
   1.61992e+00 	    6.13975e+00
   1.63296e+00 	    6.15221e+00
   1.64610e+00 	    6.16483e+00
   1.65934e+00 	    6.17762e+00
   1.67269e+00 	    6.19057e+00
   1.68615e+00 	    6.20369e+00
   1.69972e+00 	    6.21697e+00
   1.71340e+00 	    6.23041e+00
   1.72718e+00 	    6.24400e+00
   1.74108e+00 	    6.25775e+00
   1.75509e+00 	    6.27164e+00
   1.76921e+00 	    6.28568e+00
   1.78345e+00 	    6.29986e+00
   1.79780e+00 	    6.31418e+00
   1.81227e+00 	    6.32866e+00
   1.82685e+00 	    6.34329e+00
   1.84155e+00 	    6.35809e+00
   1.85637e+00 	    6.37305e+00
   1.87131e+00 	    6.38819e+00
   1.88636e+00 	    6.40351e+00
   1.90154e+00 	    6.41901e+00
   1.91684e+00 	    6.43470e+00
   1.93227e+00 	    6.45059e+00
   1.94782e+00 	    6.46667e+00
   1.96349e+00 	    6.48296e+00
   1.97929e+00 	    6.49945e+00
   1.99521e+00 	    6.51616e+00
   2.01127e+00 	    6.53308e+00
   2.02745e+00 	    6.55022e+00
   2.04377e+00 	    6.56759e+00
   2.06021e+00 	    6.58518e+00
   2.07679e+00 	    6.60300e+00
   2.09350e+00 	    6.62105e+00
   2.11035e+00 	    6.63933e+00
   2.12733e+00 	    6.65785e+00
   2.14445e+00 	    6.67661e+00
   2.16170e+00 	    6.69561e+00
   2.17910e+00 	    6.71484e+00
   2.19663e+00 	    6.73431e+00
   2.21430e+00 	    6.75402e+00
   2.23212e+00 	    6.77397e+00
   2.25008e+00 	    6.79415e+00
   2.26819e+00 	    6.81458e+00
   2.28644e+00 	    6.83526e+00
   2.30484e+00 	    6.85620e+00
   2.32338e+00 	    6.87739e+00
   2.34208e+00 	    6.89885e+00
   2.36093e+00 	    6.92058e+00
   2.37992e+00 	    6.94258e+00
   2.39907e+00 	    6.96485e+00
   2.41838e+00 	    6.98741e+00
   2.43784e+00 	    7.01025e+00
   2.45745e+00 	    7.03337e+00
   2.47723e+00 	    7.05678e+00
   2.49716e+00 	    7.08048e+00
   2.51725e+00 	    7.10447e+00
   2.53751e+00 	    7.12875e+00
   2.55793e+00 	    7.15333e+00
   2.57851e+00 	    7.17820e+00
   2.59926e+00 	    7.20337e+00
   2.62017e+00 	    7.22882e+00
   2.64126e+00 	    7.25457e+00
   2.66251e+00 	    7.28061e+00
   2.68393e+00 	    7.30693e+00
   2.70553e+00 	    7.33354e+00
   2.72730e+00 	    7.36043e+00
   2.74925e+00 	    7.38759e+00
   2.77137e+00 	    7.41502e+00
   2.79367e+00 	    7.44272e+00
   2.81615e+00 	    7.47067e+00
   2.83881e+00 	    7.49888e+00
   2.86165e+00 	    7.52735e+00
   2.88468e+00 	    7.55608e+00
   2.90789e+00 	    7.58508e+00
   2.93129e+00 	    7.61436e+00
   2.95487e+00 	    7.64391e+00
   2.97865e+00 	    7.67374e+00
   3.00262e+00 	    7.70385e+00
   3.02678e+00 	    7.73425e+00
   3.05114e+00 	    7.76493e+00
   3.07569e+00 	    7.79590e+00
   3.10044e+00 	    7.82715e+00
   3.12538e+00 	    7.85870e+00
   3.15053e+00 	    7.89053e+00
   3.17588e+00 	    7.92266e+00
   3.20144e+00 	    7.95508e+00
   3.22720e+00 	    7.98779e+00
   3.25317e+00 	    8.02078e+00
   3.27934e+00 	    8.05406e+00
   3.30573e+00 	    8.08763e+00
   3.33233e+00 	    8.12148e+00
   3.35914e+00 	    8.15561e+00
   3.38617e+00 	    8.19001e+00
   3.41342e+00 	    8.22468e+00
   3.44089e+00 	    8.25961e+00
   3.46858e+00 	    8.29480e+00
   3.49649e+00 	    8.33025e+00
   3.52462e+00 	    8.36593e+00
   3.55298e+00 	    8.40185e+00
   3.58157e+00 	    8.43801e+00
   3.61039e+00 	    8.47441e+00
   3.63944e+00 	    8.51105e+00
   3.66873e+00 	    8.54793e+00
   3.69825e+00 	    8.58505e+00
   3.72801e+00 	    8.62242e+00
   3.75800e+00 	    8.66004e+00
   3.78824e+00 	    8.69790e+00
   3.81872e+00 	    8.73600e+00
   3.84945e+00 	    8.77435e+00
   3.88043e+00 	    8.81295e+00
   3.91165e+00 	    8.85179e+00
   3.94313e+00 	    8.89088e+00
   3.97486e+00 	    8.93020e+00
   4.00684e+00 	    8.96977e+00
   4.03908e+00 	    9.00957e+00
   4.07158e+00 	    9.04961e+00
   4.10434e+00 	    9.08987e+00
   4.13737e+00 	    9.13037e+00
   4.17066e+00 	    9.17108e+00
   4.20422e+00 	    9.21201e+00
   4.23805e+00 	    9.25316e+00
   4.27215e+00 	    9.29450e+00
   4.30653e+00 	    9.33604e+00
   4.34118e+00 	    9.37778e+00
   4.37611e+00 	    9.41969e+00
   4.41133e+00 	    9.46177e+00
   4.44682e+00 	    9.50401e+00
   4.48260e+00 	    9.54641e+00
   4.51867e+00 	    9.58896e+00
   4.55503e+00 	    9.63166e+00
   4.59169e+00 	    9.67452e+00
   4.62863e+00 	    9.71752e+00
   4.66588e+00 	    9.76068e+00
   4.70342e+00 	    9.80399e+00
   4.74127e+00 	    9.84744e+00
   4.77942e+00 	    9.89104e+00
   4.81788e+00 	    9.93479e+00
   4.85665e+00 	    9.97868e+00
   4.89573e+00 	    1.00227e+01
   4.93512e+00 	    1.00669e+01
   4.97483e+00 	    1.01112e+01
   5.01486e+00 	    1.01556e+01
   5.05521e+00 	    1.02002e+01
   5.09589e+00 	    1.02449e+01
   5.13689e+00 	    1.02897e+01
   5.17823e+00 	    1.03346e+01
   5.21990e+00 	    1.03796e+01
   5.26190e+00 	    1.04247e+01
   5.30424e+00 	    1.04700e+01
   5.34692e+00 	    1.05153e+01
   5.38994e+00 	    1.05607e+01
   5.43331e+00 	    1.06062e+01
   5.47703e+00 	    1.06517e+01
   5.52111e+00 	    1.06973e+01
   5.56553e+00 	    1.07429e+01
   5.61032e+00 	    1.07886e+01
   5.65546e+00 	    1.08343e+01
   5.70097e+00 	    1.08800e+01
   5.74684e+00 	    1.09258e+01
   5.79308e+00 	    1.09716e+01
   5.83970e+00 	    1.10174e+01
   5.88669e+00 	    1.10632e+01
   5.93405e+00 	    1.11090e+01
   5.98180e+00 	    1.11548e+01
   6.02994e+00 	    1.12007e+01
   6.07846e+00 	    1.12465e+01
   6.12737e+00 	    1.12924e+01
   6.17667e+00 	    1.13382e+01
   6.22637e+00 	    1.13841e+01
   6.27647e+00 	    1.14299e+01
   6.32698e+00 	    1.14757e+01
   6.37789e+00 	    1.15215e+01
   6.42921e+00 	    1.15672e+01
   6.48094e+00 	    1.16129e+01
   6.53309e+00 	    1.16586e+01
   6.58566e+00 	    1.17042e+01
   6.63865e+00 	    1.17498e+01
   6.69207e+00 	    1.17953e+01
   6.74592e+00 	    1.18408e+01
   6.80020e+00 	    1.18861e+01
   6.85492e+00 	    1.19314e+01
   6.91008e+00 	    1.19766e+01
   6.96568e+00 	    1.20217e+01
   7.02173e+00 	    1.20666e+01
   7.07823e+00 	    1.21115e+01
   7.13519e+00 	    1.21562e+01
   7.19260e+00 	    1.22008e+01
   7.25048e+00 	    1.22452e+01
   7.30882e+00 	    1.22895e+01
   7.36763e+00 	    1.23337e+01
   7.42691e+00 	    1.23777e+01
   7.48667e+00 	    1.24215e+01
   7.54692e+00 	    1.24652e+01
   7.60764e+00 	    1.25087e+01
   7.66886e+00 	    1.25521e+01
   7.73057e+00 	    1.25952e+01
   7.79277e+00 	    1.26382e+01
   7.85548e+00 	    1.26810e+01
   7.91869e+00 	    1.27236e+01
   7.98240e+00 	    1.27661e+01
   8.04664e+00 	    1.28083e+01
   8.11138e+00 	    1.28503e+01
   8.17665e+00 	    1.28921e+01
   8.24245e+00 	    1.29337e+01
   8.30877e+00 	    1.29750e+01
   8.37563e+00 	    1.30161e+01
   8.44302e+00 	    1.30570e+01
   8.51096e+00 	    1.30976e+01
   8.57944e+00 	    1.31379e+01
   8.64848e+00 	    1.31780e+01
   8.71807e+00 	    1.32178e+01
   8.78822e+00 	    1.32574e+01
   8.85894e+00 	    1.32966e+01
   8.93022e+00 	    1.33355e+01
   9.00208e+00 	    1.33741e+01
   9.07451e+00 	    1.34124e+01
   9.14753e+00 	    1.34504e+01
   9.22114e+00 	    1.34880e+01
   9.29534e+00 	    1.35253e+01
   9.37013e+00 	    1.35623e+01
   9.44553e+00 	    1.35989e+01
   9.52154e+00 	    1.36352e+01
   9.59815e+00 	    1.36711e+01
   9.67538e+00 	    1.37067e+01
   9.75324e+00 	    1.37419e+01
   9.83172e+00 	    1.37767e+01
   9.91083e+00 	    1.38112e+01
   9.99058e+00 	    1.38453e+01
   1.00710e+01 	    1.38790e+01
   1.01520e+01 	    1.39123e+01
   1.02337e+01 	    1.39452e+01
   1.03160e+01 	    1.39776e+01
   1.03990e+01 	    1.40097e+01
   1.04827e+01 	    1.40413e+01
   1.05671e+01 	    1.40725e+01
   1.06521e+01 	    1.41033e+01
   1.07378e+01 	    1.41336e+01
   1.08242e+01 	    1.41635e+01
   1.09113e+01 	    1.41929e+01
   1.09991e+01 	    1.42218e+01
   1.10876e+01 	    1.42502e+01
   1.11768e+01 	    1.42782e+01
   1.12668e+01 	    1.43056e+01
   1.13574e+01 	    1.43326e+01
   1.14488e+01 	    1.43590e+01
   1.15409e+01 	    1.43849e+01
   1.16338e+01 	    1.44103e+01
   1.17274e+01 	    1.44351e+01
   1.18218e+01 	    1.44595e+01
   1.19169e+01 	    1.44833e+01
   1.20128e+01 	    1.45065e+01
   1.21095e+01 	    1.45292e+01
   1.22069e+01 	    1.45514e+01
   1.23051e+01 	    1.45730e+01
   1.24041e+01 	    1.45940e+01
   1.25040e+01 	    1.46144e+01
   1.26046e+01 	    1.46343e+01
   1.27060e+01 	    1.46536e+01
   1.28082e+01 	    1.46724e+01
   1.29113e+01 	    1.46905e+01
   1.30152e+01 	    1.47080e+01
   1.31199e+01 	    1.47249e+01
   1.32255e+01 	    1.47413e+01
   1.33319e+01 	    1.47570e+01
   1.34392e+01 	    1.47720e+01
   1.35473e+01 	    1.47865e+01
   1.36563e+01 	    1.48003e+01
   1.37662e+01 	    1.48134e+01
   1.38770e+01 	    1.48259e+01
   1.39887e+01 	    1.48378e+01
   1.41012e+01 	    1.48490e+01
   1.42147e+01 	    1.48595e+01
   1.43291e+01 	    1.48693e+01
   1.44444e+01 	    1.48784e+01
   1.45606e+01 	    1.48868e+01
   1.46777e+01 	    1.48946e+01
   1.47959e+01 	    1.49017e+01
   1.49149e+01 	    1.49080e+01
   1.50349e+01 	    1.49137e+01
   1.51559e+01 	    1.49187e+01
   1.52779e+01 	    1.49229e+01
   1.54008e+01 	    1.49265e+01
   1.55247e+01 	    1.49293e+01
   1.56496e+01 	    1.49315e+01
   1.57756e+01 	    1.49329e+01
   1.59025e+01 	    1.49336e+01
   1.60305e+01 	    1.49335e+01
   1.61595e+01 	    1.49328e+01
   1.62895e+01 	    1.49313e+01
   1.64206e+01 	    1.49290e+01
   1.65527e+01 	    1.49260e+01
   1.66859e+01 	    1.49223e+01
   1.68201e+01 	    1.49178e+01
   1.69555e+01 	    1.49126e+01
   1.70919e+01 	    1.49066e+01
   1.72295e+01 	    1.48998e+01
   1.73681e+01 	    1.48923e+01
   1.75078e+01 	    1.48840e+01
   1.76487e+01 	    1.48749e+01
   1.77907e+01 	    1.48650e+01
   1.79339e+01 	    1.48544e+01
   1.80782e+01 	    1.48429e+01
   1.82237e+01 	    1.48307e+01
   1.83703e+01 	    1.48176e+01
   1.85181e+01 	    1.48038e+01
   1.86671e+01 	    1.47892e+01
   1.88173e+01 	    1.47738e+01
   1.89688e+01 	    1.47576e+01
   1.91214e+01 	    1.47406e+01
   1.92752e+01 	    1.47228e+01
   1.94303e+01 	    1.47042e+01
   1.95867e+01 	    1.46848e+01
   1.97443e+01 	    1.46646e+01
   1.99032e+01 	    1.46436e+01
   2.00633e+01 	    1.46218e+01
   2.02248e+01 	    1.45992e+01
   2.03875e+01 	    1.45758e+01
   2.05516e+01 	    1.45515e+01
   2.07169e+01 	    1.45265e+01
   2.08836e+01 	    1.45007e+01
   2.10517e+01 	    1.44740e+01
   2.12211e+01 	    1.44465e+01
   2.13918e+01 	    1.44182e+01
   2.15640e+01 	    1.43891e+01
   2.17375e+01 	    1.43591e+01
   2.19124e+01 	    1.43283e+01
   2.20887e+01 	    1.42966e+01
   2.22664e+01 	    1.42641e+01
   2.24456e+01 	    1.42308e+01
   2.26262e+01 	    1.41966e+01
   2.28083e+01 	    1.41615e+01
   2.29918e+01 	    1.41256e+01
   2.31768e+01 	    1.40888e+01
   2.33633e+01 	    1.40513e+01
   2.35513e+01 	    1.40128e+01
   2.37408e+01 	    1.39736e+01
   2.39318e+01 	    1.39335e+01
   2.41244e+01 	    1.38926e+01
   2.43185e+01 	    1.38509e+01
   2.45142e+01 	    1.38084e+01
   2.47115e+01 	    1.37651e+01
   2.49103e+01 	    1.37209e+01
   2.51108e+01 	    1.36760e+01
   2.53128e+01 	    1.36302e+01
   2.55165e+01 	    1.35837e+01
   2.57218e+01 	    1.35364e+01
   2.59288e+01 	    1.34882e+01
   2.61374e+01 	    1.34393e+01
   2.63477e+01 	    1.33896e+01
   2.65598e+01 	    1.33391e+01
   2.67735e+01 	    1.32878e+01
   2.69889e+01 	    1.32358e+01
   2.72061e+01 	    1.31829e+01
   2.74250e+01 	    1.31293e+01
   2.76457e+01 	    1.30749e+01
   2.78681e+01 	    1.30196e+01
   2.80924e+01 	    1.29636e+01
   2.83184e+01 	    1.29068e+01
   2.85463e+01 	    1.28492e+01
   2.87760e+01 	    1.27909e+01
   2.90075e+01 	    1.27318e+01
   2.92409e+01 	    1.26719e+01
   2.94762e+01 	    1.26112e+01
   2.97134e+01 	    1.25499e+01
   2.99525e+01 	    1.24878e+01
   3.01935e+01 	    1.24250e+01
   3.04365e+01 	    1.23615e+01
   3.06814e+01 	    1.22972e+01
   3.09283e+01 	    1.22323e+01
   3.11771e+01 	    1.21667e+01
   3.14280e+01 	    1.21004e+01
   3.16809e+01 	    1.20335e+01
   3.19358e+01 	    1.19659e+01
   3.21928e+01 	    1.18976e+01
   3.24518e+01 	    1.18287e+01
   3.27129e+01 	    1.17591e+01
   3.29762e+01 	    1.16889e+01
   3.32415e+01 	    1.16180e+01
   3.35090e+01 	    1.15466e+01
   3.37786e+01 	    1.14745e+01
   3.40504e+01 	    1.14017e+01
   3.43244e+01 	    1.13284e+01
   3.46006e+01 	    1.12544e+01
   3.48790e+01 	    1.11797e+01
   3.51597e+01 	    1.11045e+01
   3.54426e+01 	    1.10286e+01
   3.57278e+01 	    1.09521e+01
   3.60153e+01 	    1.08750e+01
   3.63051e+01 	    1.07973e+01
   3.65972e+01 	    1.07190e+01
   3.68917e+01 	    1.06401e+01
   3.71886e+01 	    1.05607e+01
   3.74878e+01 	    1.04808e+01
   3.77894e+01 	    1.04004e+01
   3.80935e+01 	    1.03195e+01
   3.84000e+01 	    1.02381e+01
   3.87090e+01 	    1.01563e+01
   3.90205e+01 	    1.00740e+01
   3.93345e+01 	    9.99130e+00
   3.96510e+01 	    9.90819e+00
   3.99701e+01 	    9.82470e+00
   4.02917e+01 	    9.74082e+00
   4.06159e+01 	    9.65658e+00
   4.09427e+01 	    9.57200e+00
   4.12722e+01 	    9.48708e+00
   4.16043e+01 	    9.40184e+00
   4.19390e+01 	    9.31628e+00
   4.22765e+01 	    9.23043e+00
   4.26167e+01 	    9.14429e+00
   4.29596e+01 	    9.05787e+00
   4.33053e+01 	    8.97118e+00
   4.36537e+01 	    8.88422e+00
   4.40050e+01 	    8.79701e+00
   4.43591e+01 	    8.70954e+00
   4.47160e+01 	    8.62182e+00
   4.50758e+01 	    8.53387e+00
   4.54385e+01 	    8.44570e+00
   4.58042e+01 	    8.35733e+00
   4.61727e+01 	    8.26879e+00
   4.65443e+01 	    8.18009e+00
   4.69188e+01 	    8.09125e+00
   4.72963e+01 	    8.00228e+00
   4.76769e+01 	    7.91321e+00
   4.80605e+01 	    7.82405e+00
   4.84473e+01 	    7.73481e+00
   4.88371e+01 	    7.64551e+00
   4.92301e+01 	    7.55616e+00
   4.96262e+01 	    7.46678e+00
   5.00255e+01 	    7.37737e+00
   5.04280e+01 	    7.28794e+00
   5.08338e+01 	    7.19850e+00
   5.12429e+01 	    7.10906e+00
   5.16552e+01 	    7.01963e+00
   5.20708e+01 	    6.93020e+00
   5.24898e+01 	    6.84078e+00
   5.29122e+01 	    6.75136e+00
   5.33380e+01 	    6.66196e+00
   5.37671e+01 	    6.57255e+00
   5.41998e+01 	    6.48314e+00
   5.46359e+01 	    6.39371e+00
   5.50755e+01 	    6.30425e+00
   5.55187e+01 	    6.21475e+00
   5.59654e+01 	    6.12520e+00
   5.64158e+01 	    6.03582e+00
   5.68697e+01 	    5.94696e+00
   5.73273e+01 	    5.85866e+00
   5.77886e+01 	    5.77094e+00
   5.82536e+01 	    5.68380e+00
   5.87224e+01 	    5.59723e+00
   5.91949e+01 	    5.51123e+00
   5.96712e+01 	    5.42575e+00
   6.01514e+01 	    5.34076e+00
   6.06354e+01 	    5.25617e+00
   6.11233e+01 	    5.17191e+00
   6.16151e+01 	    5.08787e+00
   6.21109e+01 	    5.00404e+00
   6.26107e+01 	    4.92048e+00
   6.31145e+01 	    4.83725e+00
   6.36223e+01 	    4.75441e+00
   6.41343e+01 	    4.67200e+00
   6.46503e+01 	    4.59008e+00
   6.51706e+01 	    4.50868e+00
   6.56950e+01 	    4.42784e+00
   6.62236e+01 	    4.34757e+00
   6.67564e+01 	    4.26789e+00
   6.72936e+01 	    4.18884e+00
   6.78351e+01 	    4.11047e+00
   6.83809e+01 	    4.03287e+00
   6.89312e+01 	    3.95610e+00
   6.94858e+01 	    3.88022e+00
   7.00450e+01 	    3.80529e+00
   7.06086e+01 	    3.73136e+00
   7.11767e+01 	    3.65847e+00
   7.17495e+01 	    3.58667e+00
   7.23268e+01 	    3.51598e+00
   7.29088e+01 	    3.44653e+00
   7.34954e+01 	    3.37851e+00
   7.40868e+01 	    3.31211e+00
   7.46830e+01 	    3.24754e+00
   7.52839e+01 	    3.18500e+00
   7.58897e+01 	    3.12471e+00
   7.65004e+01 	    3.06690e+00
   7.71159e+01 	    3.01181e+00
   7.77364e+01 	    2.95969e+00
   7.83620e+01 	    2.91099e+00
   7.89925e+01 	    2.86622e+00
   7.96281e+01 	    2.82595e+00
   8.02689e+01 	    2.79079e+00
   8.09147e+01 	    2.76140e+00
   8.15658e+01 	    2.73845e+00
   8.22222e+01 	    2.72271e+00
   8.28838e+01 	    2.71496e+00
   8.35507e+01 	    2.71620e+00
   8.42230e+01 	    2.72763e+00
   8.49007e+01 	    2.75057e+00
   8.55839e+01 	    2.78642e+00
   8.62725e+01 	    2.83669e+00
   8.69667e+01 	    2.90301e+00
   8.76665e+01 	    2.98711e+00
   8.83719e+01 	    3.09080e+00
   8.90830e+01 	    3.21529e+00
   8.97998e+01 	    3.36142e+00
   9.05224e+01 	    3.53005e+00
   9.12508e+01 	    3.72204e+00
   9.19851e+01 	    3.93824e+00
   9.27252e+01 	    4.17952e+00
   9.34713e+01 	    4.44667e+00
   9.42235e+01 	    4.73803e+00
   9.49817e+01 	    5.04837e+00
   9.57459e+01 	    5.37153e+00
   9.65164e+01 	    5.70061e+00
   9.72930e+01 	    6.02786e+00
   9.80759e+01 	    6.34466e+00
   9.88650e+01 	    6.64147e+00
   9.96606e+01 	    6.90910e+00
   1.00462e+02 	    7.13883e+00
   1.01271e+02 	    7.32121e+00
   1.02086e+02 	    7.44587e+00
   1.02907e+02 	    7.50153e+00
   1.03735e+02 	    7.47589e+00
   1.04570e+02 	    7.35825e+00
   1.05411e+02 	    7.15065e+00
   1.06260e+02 	    6.86008e+00
   1.07115e+02 	    6.49471e+00
   1.07977e+02 	    6.06405e+00
   1.08845e+02 	    5.57900e+00
   1.09721e+02 	    5.05167e+00
   1.10604e+02 	    4.49272e+00
   1.11494e+02 	    3.91231e+00
   1.12391e+02 	    3.32187e+00
   1.13296e+02 	    2.73415e+00
   1.14207e+02 	    2.16338e+00
   1.15126e+02 	    1.62408e+00
   1.16053e+02 	    1.12189e+00
   1.16986e+02 	    6.57741e-01
   1.17928e+02 	    2.32447e-01
   1.18877e+02 	   -1.53330e-01
   1.19833e+02 	   -4.99067e-01
   1.20797e+02 	   -8.04881e-01
   1.21769e+02 	   -1.07252e+00
   1.22749e+02 	   -1.30439e+00
   1.23737e+02 	   -1.50340e+00
   1.24733e+02 	   -1.67296e+00
   1.25736e+02 	   -1.81689e+00
   1.26748e+02 	   -1.93777e+00
   1.27768e+02 	   -2.03757e+00
   1.28796e+02 	   -2.11855e+00
   1.29832e+02 	   -2.18334e+00
   1.30877e+02 	   -2.23493e+00
   1.31930e+02 	   -2.27544e+00
   1.32992e+02 	   -2.30608e+00
   1.34062e+02 	   -2.32815e+00
   1.35141e+02 	   -2.34318e+00
   1.36228e+02 	   -2.35287e+00
   1.37324e+02 	   -2.35841e+00
   1.38429e+02 	   -2.36048e+00
   1.39543e+02 	   -2.35979e+00
   1.40666e+02 	   -2.35717e+00
   1.41798e+02 	   -2.35350e+00
   1.42939e+02 	   -2.34928e+00
   1.44089e+02 	   -2.34482e+00
   1.45248e+02 	   -2.34043e+00
   1.46417e+02 	   -2.33650e+00
   1.47595e+02 	   -2.33335e+00
   1.48783e+02 	   -2.33110e+00
   1.49980e+02 	   -2.32984e+00
   1.51187e+02 	   -2.32969e+00
   1.52404e+02 	   -2.33072e+00
   1.53630e+02 	   -2.33297e+00
   1.54866e+02 	   -2.33642e+00
   1.56112e+02 	   -2.34103e+00
   1.57368e+02 	   -2.34675e+00
   1.58635e+02 	   -2.35350e+00
   1.59911e+02 	   -2.36119e+00
   1.61198e+02 	   -2.36968e+00
   1.62495e+02 	   -2.37881e+00
   1.63803e+02 	   -2.38845e+00
   1.65121e+02 	   -2.39846e+00
   1.66449e+02 	   -2.40871e+00
   1.67789e+02 	   -2.41905e+00
   1.69139e+02 	   -2.42932e+00
   1.70500e+02 	   -2.43938e+00
   1.71872e+02 	   -2.44909e+00
   1.73255e+02 	   -2.45829e+00
   1.74649e+02 	   -2.46682e+00
   1.76054e+02 	   -2.47458e+00
   1.77471e+02 	   -2.48143e+00
   1.78899e+02 	   -2.48726e+00
   1.80338e+02 	   -2.49198e+00
   1.81789e+02 	   -2.49552e+00
   1.83252e+02 	   -2.49785e+00
   1.84727e+02 	   -2.49891e+00
   1.86213e+02 	   -2.49878e+00
   1.87711e+02 	   -2.49756e+00
   1.89222e+02 	   -2.49539e+00
   1.90745e+02 	   -2.49244e+00
   1.92279e+02 	   -2.48897e+00
   1.93827e+02 	   -2.48527e+00
   1.95386e+02 	   -2.48164e+00
   1.96958e+02 	   -2.47826e+00
   1.98543e+02 	   -2.47528e+00
   2.00141e+02 	   -2.47286e+00
   2.01751e+02 	   -2.47106e+00
   2.03375e+02 	   -2.46981e+00
   2.05011e+02 	   -2.46904e+00
   2.06661e+02 	   -2.46823e+00
   2.08324e+02 	   -2.46574e+00
   2.10000e+02 	   -2.45965e+00
