#Omega_b = 0.050000
#Omega_m = 0.300000
#Omega_de = 0.680000
#hubble = 0.700000
#w0 = -0.800000
#wa = 0.200000
#sigma8 = 0.800000
#n_s = 0.960000
#
#R    R*R*xi_LIN(R) ;; R is in h^-1 Mpc,   R*R*xi_NONLIN(R) is in (h^-1 Mpc)^2.  
   7.00000e-02 	    3.94479e+00
   7.05633e-02 	    3.97833e+00
   7.11311e-02 	    4.01212e+00
   7.17034e-02 	    4.04616e+00
   7.22804e-02 	    4.08046e+00
   7.28620e-02 	    4.11501e+00
   7.34483e-02 	    4.14982e+00
   7.40393e-02 	    4.18489e+00
   7.46351e-02 	    4.22022e+00
   7.52356e-02 	    4.25581e+00
   7.58410e-02 	    4.29166e+00
   7.64513e-02 	    4.32778e+00
   7.70664e-02 	    4.36415e+00
   7.76866e-02 	    4.40080e+00
   7.83117e-02 	    4.43771e+00
   7.89418e-02 	    4.47489e+00
   7.95770e-02 	    4.51233e+00
   8.02173e-02 	    4.55005e+00
   8.08628e-02 	    4.58803e+00
   8.15135e-02 	    4.62628e+00
   8.21694e-02 	    4.66481e+00
   8.28306e-02 	    4.70361e+00
   8.34971e-02 	    4.74268e+00
   8.41689e-02 	    4.78202e+00
   8.48462e-02 	    4.82164e+00
   8.55289e-02 	    4.86153e+00
   8.62172e-02 	    4.90170e+00
   8.69109e-02 	    4.94214e+00
   8.76102e-02 	    4.98286e+00
   8.83152e-02 	    5.02386e+00
   8.90258e-02 	    5.06513e+00
   8.97422e-02 	    5.10667e+00
   9.04643e-02 	    5.14850e+00
   9.11922e-02 	    5.19061e+00
   9.19260e-02 	    5.23299e+00
   9.26657e-02 	    5.27566e+00
   9.34114e-02 	    5.31862e+00
   9.41630e-02 	    5.36185e+00
   9.49207e-02 	    5.40537e+00
   9.56845e-02 	    5.44918e+00
   9.64544e-02 	    5.49327e+00
   9.72305e-02 	    5.53765e+00
   9.80129e-02 	    5.58232e+00
   9.88016e-02 	    5.62728e+00
   9.95966e-02 	    5.67253e+00
   1.00398e-01 	    5.71808e+00
   1.01206e-01 	    5.76391e+00
   1.02020e-01 	    5.81004e+00
   1.02841e-01 	    5.85646e+00
   1.03669e-01 	    5.90318e+00
   1.04503e-01 	    5.95019e+00
   1.05344e-01 	    5.99750e+00
   1.06191e-01 	    6.04511e+00
   1.07046e-01 	    6.09302e+00
   1.07907e-01 	    6.14122e+00
   1.08776e-01 	    6.18972e+00
   1.09651e-01 	    6.23853e+00
   1.10533e-01 	    6.28763e+00
   1.11423e-01 	    6.33704e+00
   1.12319e-01 	    6.38675e+00
   1.13223e-01 	    6.43676e+00
   1.14134e-01 	    6.48707e+00
   1.15052e-01 	    6.53769e+00
   1.15978e-01 	    6.58861e+00
   1.16911e-01 	    6.63984e+00
   1.17852e-01 	    6.69137e+00
   1.18800e-01 	    6.74321e+00
   1.19756e-01 	    6.79536e+00
   1.20720e-01 	    6.84781e+00
   1.21691e-01 	    6.90056e+00
   1.22671e-01 	    6.95363e+00
   1.23658e-01 	    7.00700e+00
   1.24653e-01 	    7.06068e+00
   1.25656e-01 	    7.11466e+00
   1.26667e-01 	    7.16896e+00
   1.27686e-01 	    7.22356e+00
   1.28713e-01 	    7.27847e+00
   1.29749e-01 	    7.33369e+00
   1.30793e-01 	    7.38921e+00
   1.31846e-01 	    7.44504e+00
   1.32906e-01 	    7.50118e+00
   1.33976e-01 	    7.55763e+00
   1.35054e-01 	    7.61438e+00
   1.36141e-01 	    7.67144e+00
   1.37236e-01 	    7.72881e+00
   1.38340e-01 	    7.78648e+00
   1.39454e-01 	    7.84445e+00
   1.40576e-01 	    7.90273e+00
   1.41707e-01 	    7.96131e+00
   1.42847e-01 	    8.02020e+00
   1.43997e-01 	    8.07939e+00
   1.45155e-01 	    8.13888e+00
   1.46323e-01 	    8.19867e+00
   1.47501e-01 	    8.25877e+00
   1.48688e-01 	    8.31916e+00
   1.49884e-01 	    8.37986e+00
   1.51090e-01 	    8.44086e+00
   1.52306e-01 	    8.50216e+00
   1.53531e-01 	    8.56375e+00
   1.54767e-01 	    8.62565e+00
   1.56012e-01 	    8.68784e+00
   1.57267e-01 	    8.75032e+00
   1.58533e-01 	    8.81311e+00
   1.59809e-01 	    8.87618e+00
   1.61094e-01 	    8.93955e+00
   1.62391e-01 	    9.00322e+00
   1.63697e-01 	    9.06717e+00
   1.65015e-01 	    9.13141e+00
   1.66342e-01 	    9.19594e+00
   1.67681e-01 	    9.26076e+00
   1.69030e-01 	    9.32586e+00
   1.70390e-01 	    9.39125e+00
   1.71761e-01 	    9.45691e+00
   1.73143e-01 	    9.52286e+00
   1.74537e-01 	    9.58909e+00
   1.75941e-01 	    9.65559e+00
   1.77357e-01 	    9.72236e+00
   1.78784e-01 	    9.78941e+00
   1.80223e-01 	    9.85673e+00
   1.81673e-01 	    9.92432e+00
   1.83135e-01 	    9.99217e+00
   1.84608e-01 	    1.00603e+01
   1.86094e-01 	    1.01287e+01
   1.87591e-01 	    1.01973e+01
   1.89100e-01 	    1.02662e+01
   1.90622e-01 	    1.03354e+01
   1.92156e-01 	    1.04048e+01
   1.93702e-01 	    1.04745e+01
   1.95261e-01 	    1.05444e+01
   1.96832e-01 	    1.06146e+01
   1.98416e-01 	    1.06850e+01
   2.00012e-01 	    1.07557e+01
   2.01622e-01 	    1.08266e+01
   2.03244e-01 	    1.08977e+01
   2.04880e-01 	    1.09691e+01
   2.06528e-01 	    1.10407e+01
   2.08190e-01 	    1.11125e+01
   2.09865e-01 	    1.11846e+01
   2.11554e-01 	    1.12569e+01
   2.13256e-01 	    1.13294e+01
   2.14972e-01 	    1.14021e+01
   2.16702e-01 	    1.14750e+01
   2.18446e-01 	    1.15482e+01
   2.20203e-01 	    1.16215e+01
   2.21975e-01 	    1.16951e+01
   2.23761e-01 	    1.17688e+01
   2.25562e-01 	    1.18427e+01
   2.27377e-01 	    1.19169e+01
   2.29207e-01 	    1.19912e+01
   2.31051e-01 	    1.20657e+01
   2.32910e-01 	    1.21404e+01
   2.34784e-01 	    1.22152e+01
   2.36673e-01 	    1.22902e+01
   2.38578e-01 	    1.23654e+01
   2.40498e-01 	    1.24408e+01
   2.42433e-01 	    1.25163e+01
   2.44384e-01 	    1.25920e+01
   2.46350e-01 	    1.26678e+01
   2.48332e-01 	    1.27438e+01
   2.50330e-01 	    1.28199e+01
   2.52345e-01 	    1.28961e+01
   2.54375e-01 	    1.29725e+01
   2.56422e-01 	    1.30490e+01
   2.58485e-01 	    1.31256e+01
   2.60565e-01 	    1.32024e+01
   2.62662e-01 	    1.32792e+01
   2.64776e-01 	    1.33562e+01
   2.66906e-01 	    1.34332e+01
   2.69054e-01 	    1.35104e+01
   2.71219e-01 	    1.35876e+01
   2.73401e-01 	    1.36649e+01
   2.75601e-01 	    1.37423e+01
   2.77819e-01 	    1.38198e+01
   2.80054e-01 	    1.38974e+01
   2.82308e-01 	    1.39749e+01
   2.84579e-01 	    1.40526e+01
   2.86869e-01 	    1.41303e+01
   2.89178e-01 	    1.42080e+01
   2.91504e-01 	    1.42858e+01
   2.93850e-01 	    1.43636e+01
   2.96215e-01 	    1.44414e+01
   2.98598e-01 	    1.45192e+01
   3.01001e-01 	    1.45971e+01
   3.03423e-01 	    1.46749e+01
   3.05864e-01 	    1.47528e+01
   3.08325e-01 	    1.48306e+01
   3.10806e-01 	    1.49084e+01
   3.13307e-01 	    1.49862e+01
   3.15828e-01 	    1.50640e+01
   3.18370e-01 	    1.51417e+01
   3.20932e-01 	    1.52194e+01
   3.23514e-01 	    1.52970e+01
   3.26117e-01 	    1.53746e+01
   3.28741e-01 	    1.54521e+01
   3.31386e-01 	    1.55295e+01
   3.34053e-01 	    1.56069e+01
   3.36741e-01 	    1.56842e+01
   3.39451e-01 	    1.57613e+01
   3.42182e-01 	    1.58384e+01
   3.44935e-01 	    1.59153e+01
   3.47711e-01 	    1.59921e+01
   3.50509e-01 	    1.60688e+01
   3.53329e-01 	    1.61454e+01
   3.56172e-01 	    1.62218e+01
   3.59038e-01 	    1.62980e+01
   3.61927e-01 	    1.63741e+01
   3.64840e-01 	    1.64500e+01
   3.67775e-01 	    1.65257e+01
   3.70735e-01 	    1.66012e+01
   3.73718e-01 	    1.66766e+01
   3.76725e-01 	    1.67517e+01
   3.79756e-01 	    1.68266e+01
   3.82812e-01 	    1.69013e+01
   3.85892e-01 	    1.69758e+01
   3.88998e-01 	    1.70500e+01
   3.92128e-01 	    1.71240e+01
   3.95283e-01 	    1.71977e+01
   3.98464e-01 	    1.72712e+01
   4.01670e-01 	    1.73443e+01
   4.04902e-01 	    1.74172e+01
   4.08160e-01 	    1.74898e+01
   4.11444e-01 	    1.75621e+01
   4.14755e-01 	    1.76341e+01
   4.18092e-01 	    1.77057e+01
   4.21457e-01 	    1.77771e+01
   4.24848e-01 	    1.78480e+01
   4.28266e-01 	    1.79187e+01
   4.31713e-01 	    1.79889e+01
   4.35186e-01 	    1.80588e+01
   4.38688e-01 	    1.81283e+01
   4.42218e-01 	    1.81974e+01
   4.45776e-01 	    1.82661e+01
   4.49363e-01 	    1.83344e+01
   4.52979e-01 	    1.84023e+01
   4.56624e-01 	    1.84698e+01
   4.60298e-01 	    1.85368e+01
   4.64002e-01 	    1.86033e+01
   4.67736e-01 	    1.86694e+01
   4.71500e-01 	    1.87350e+01
   4.75294e-01 	    1.88001e+01
   4.79118e-01 	    1.88648e+01
   4.82973e-01 	    1.89289e+01
   4.86860e-01 	    1.89926e+01
   4.90777e-01 	    1.90557e+01
   4.94726e-01 	    1.91183e+01
   4.98707e-01 	    1.91804e+01
   5.02720e-01 	    1.92419e+01
   5.06765e-01 	    1.93028e+01
   5.10843e-01 	    1.93632e+01
   5.14953e-01 	    1.94230e+01
   5.19097e-01 	    1.94822e+01
   5.23274e-01 	    1.95409e+01
   5.27485e-01 	    1.95989e+01
   5.31729e-01 	    1.96563e+01
   5.36008e-01 	    1.97131e+01
   5.40321e-01 	    1.97692e+01
   5.44668e-01 	    1.98247e+01
   5.49051e-01 	    1.98796e+01
   5.53469e-01 	    1.99337e+01
   5.57923e-01 	    1.99872e+01
   5.62412e-01 	    2.00400e+01
   5.66937e-01 	    2.00921e+01
   5.71499e-01 	    2.01436e+01
   5.76098e-01 	    2.01942e+01
   5.80734e-01 	    2.02442e+01
   5.85406e-01 	    2.02935e+01
   5.90117e-01 	    2.03420e+01
   5.94865e-01 	    2.03897e+01
   5.99652e-01 	    2.04367e+01
   6.04477e-01 	    2.04829e+01
   6.09341e-01 	    2.05284e+01
   6.14244e-01 	    2.05731e+01
   6.19187e-01 	    2.06170e+01
   6.24169e-01 	    2.06600e+01
   6.29192e-01 	    2.07023e+01
   6.34254e-01 	    2.07438e+01
   6.39358e-01 	    2.07844e+01
   6.44503e-01 	    2.08243e+01
   6.49689e-01 	    2.08632e+01
   6.54917e-01 	    2.09014e+01
   6.60186e-01 	    2.09386e+01
   6.65499e-01 	    2.09750e+01
   6.70854e-01 	    2.10106e+01
   6.76252e-01 	    2.10453e+01
   6.81693e-01 	    2.10790e+01
   6.87179e-01 	    2.11119e+01
   6.92708e-01 	    2.11439e+01
   6.98282e-01 	    2.11750e+01
   7.03901e-01 	    2.12052e+01
   7.09565e-01 	    2.12344e+01
   7.15274e-01 	    2.12628e+01
   7.21030e-01 	    2.12902e+01
   7.26832e-01 	    2.13166e+01
   7.32680e-01 	    2.13421e+01
   7.38576e-01 	    2.13667e+01
   7.44519e-01 	    2.13903e+01
   7.50509e-01 	    2.14130e+01
   7.56549e-01 	    2.14348e+01
   7.62636e-01 	    2.14555e+01
   7.68773e-01 	    2.14753e+01
   7.74959e-01 	    2.14942e+01
   7.81195e-01 	    2.15120e+01
   7.87480e-01 	    2.15289e+01
   7.93817e-01 	    2.15448e+01
   8.00205e-01 	    2.15598e+01
   8.06643e-01 	    2.15738e+01
   8.13134e-01 	    2.15868e+01
   8.19677e-01 	    2.15988e+01
   8.26273e-01 	    2.16098e+01
   8.32921e-01 	    2.16198e+01
   8.39624e-01 	    2.16289e+01
   8.46380e-01 	    2.16370e+01
   8.53190e-01 	    2.16441e+01
   8.60055e-01 	    2.16501e+01
   8.66976e-01 	    2.16553e+01
   8.73952e-01 	    2.16594e+01
   8.80984e-01 	    2.16625e+01
   8.88073e-01 	    2.16646e+01
   8.95219e-01 	    2.16658e+01
   9.02423e-01 	    2.16660e+01
   9.09684e-01 	    2.16651e+01
   9.17004e-01 	    2.16633e+01
   9.24383e-01 	    2.16606e+01
   9.31821e-01 	    2.16568e+01
   9.39319e-01 	    2.16521e+01
   9.46877e-01 	    2.16464e+01
   9.54496e-01 	    2.16398e+01
   9.62177e-01 	    2.16322e+01
   9.69919e-01 	    2.16237e+01
   9.77723e-01 	    2.16142e+01
   9.85591e-01 	    2.16038e+01
   9.93521e-01 	    2.15924e+01
   1.00152e+00 	    2.15802e+01
   1.00957e+00 	    2.15670e+01
   1.01770e+00 	    2.15529e+01
   1.02589e+00 	    2.15379e+01
   1.03414e+00 	    2.15219e+01
   1.04246e+00 	    2.15051e+01
   1.05085e+00 	    2.14874e+01
   1.05931e+00 	    2.14689e+01
   1.06783e+00 	    2.14494e+01
   1.07642e+00 	    2.14291e+01
   1.08509e+00 	    2.14079e+01
   1.09382e+00 	    2.13859e+01
   1.10262e+00 	    2.13630e+01
   1.11149e+00 	    2.13393e+01
   1.12043e+00 	    2.13148e+01
   1.12945e+00 	    2.12895e+01
   1.13854e+00 	    2.12633e+01
   1.14770e+00 	    2.12364e+01
   1.15693e+00 	    2.12087e+01
   1.16624e+00 	    2.11802e+01
   1.17563e+00 	    2.11511e+01
   1.18509e+00 	    2.11211e+01
   1.19462e+00 	    2.10905e+01
   1.20424e+00 	    2.10592e+01
   1.21393e+00 	    2.10273e+01
   1.22369e+00 	    2.09947e+01
   1.23354e+00 	    2.09614e+01
   1.24347e+00 	    2.09276e+01
   1.25347e+00 	    2.08932e+01
   1.26356e+00 	    2.08581e+01
   1.27373e+00 	    2.08226e+01
   1.28397e+00 	    2.07865e+01
   1.29431e+00 	    2.07498e+01
   1.30472e+00 	    2.07127e+01
   1.31522e+00 	    2.06751e+01
   1.32580e+00 	    2.06371e+01
   1.33647e+00 	    2.05986e+01
   1.34722e+00 	    2.05596e+01
   1.35807e+00 	    2.05203e+01
   1.36899e+00 	    2.04806e+01
   1.38001e+00 	    2.04406e+01
   1.39111e+00 	    2.04001e+01
   1.40231e+00 	    2.03594e+01
   1.41359e+00 	    2.03184e+01
   1.42497e+00 	    2.02770e+01
   1.43643e+00 	    2.02355e+01
   1.44799e+00 	    2.01936e+01
   1.45964e+00 	    2.01516e+01
   1.47139e+00 	    2.01094e+01
   1.48323e+00 	    2.00671e+01
   1.49516e+00 	    2.00246e+01
   1.50719e+00 	    1.99820e+01
   1.51932e+00 	    1.99394e+01
   1.53154e+00 	    1.98967e+01
   1.54387e+00 	    1.98539e+01
   1.55629e+00 	    1.98112e+01
   1.56881e+00 	    1.97685e+01
   1.58144e+00 	    1.97258e+01
   1.59416e+00 	    1.96832e+01
   1.60699e+00 	    1.96407e+01
   1.61992e+00 	    1.95983e+01
   1.63296e+00 	    1.95560e+01
   1.64610e+00 	    1.95138e+01
   1.65934e+00 	    1.94719e+01
   1.67269e+00 	    1.94301e+01
   1.68615e+00 	    1.93885e+01
   1.69972e+00 	    1.93471e+01
   1.71340e+00 	    1.93060e+01
   1.72718e+00 	    1.92651e+01
   1.74108e+00 	    1.92244e+01
   1.75509e+00 	    1.91841e+01
   1.76921e+00 	    1.91439e+01
   1.78345e+00 	    1.91041e+01
   1.79780e+00 	    1.90645e+01
   1.81227e+00 	    1.90254e+01
   1.82685e+00 	    1.89866e+01
   1.84155e+00 	    1.89482e+01
   1.85637e+00 	    1.89102e+01
   1.87131e+00 	    1.88728e+01
   1.88636e+00 	    1.88359e+01
   1.90154e+00 	    1.87995e+01
   1.91684e+00 	    1.87636e+01
   1.93227e+00 	    1.87284e+01
   1.94782e+00 	    1.86939e+01
   1.96349e+00 	    1.86600e+01
   1.97929e+00 	    1.86267e+01
   1.99521e+00 	    1.85942e+01
   2.01127e+00 	    1.85625e+01
   2.02745e+00 	    1.85315e+01
   2.04377e+00 	    1.85013e+01
   2.06021e+00 	    1.84719e+01
   2.07679e+00 	    1.84433e+01
   2.09350e+00 	    1.84156e+01
   2.11035e+00 	    1.83888e+01
   2.12733e+00 	    1.83628e+01
   2.14445e+00 	    1.83377e+01
   2.16170e+00 	    1.83135e+01
   2.17910e+00 	    1.82902e+01
   2.19663e+00 	    1.82677e+01
   2.21430e+00 	    1.82462e+01
   2.23212e+00 	    1.82256e+01
   2.25008e+00 	    1.82059e+01
   2.26819e+00 	    1.81872e+01
   2.28644e+00 	    1.81694e+01
   2.30484e+00 	    1.81527e+01
   2.32338e+00 	    1.81370e+01
   2.34208e+00 	    1.81224e+01
   2.36093e+00 	    1.81088e+01
   2.37992e+00 	    1.80965e+01
   2.39907e+00 	    1.80852e+01
   2.41838e+00 	    1.80752e+01
   2.43784e+00 	    1.80663e+01
   2.45745e+00 	    1.80587e+01
   2.47723e+00 	    1.80523e+01
   2.49716e+00 	    1.80472e+01
   2.51725e+00 	    1.80433e+01
   2.53751e+00 	    1.80407e+01
   2.55793e+00 	    1.80394e+01
   2.57851e+00 	    1.80395e+01
   2.59926e+00 	    1.80408e+01
   2.62017e+00 	    1.80434e+01
   2.64126e+00 	    1.80473e+01
   2.66251e+00 	    1.80525e+01
   2.68393e+00 	    1.80590e+01
   2.70553e+00 	    1.80668e+01
   2.72730e+00 	    1.80758e+01
   2.74925e+00 	    1.80861e+01
   2.77137e+00 	    1.80975e+01
   2.79367e+00 	    1.81101e+01
   2.81615e+00 	    1.81239e+01
   2.83881e+00 	    1.81388e+01
   2.86165e+00 	    1.81549e+01
   2.88468e+00 	    1.81722e+01
   2.90789e+00 	    1.81907e+01
   2.93129e+00 	    1.82105e+01
   2.95487e+00 	    1.82316e+01
   2.97865e+00 	    1.82539e+01
   3.00262e+00 	    1.82775e+01
   3.02678e+00 	    1.83025e+01
   3.05114e+00 	    1.83288e+01
   3.07569e+00 	    1.83564e+01
   3.10044e+00 	    1.83854e+01
   3.12538e+00 	    1.84157e+01
   3.15053e+00 	    1.84475e+01
   3.17588e+00 	    1.84805e+01
   3.20144e+00 	    1.85150e+01
   3.22720e+00 	    1.85508e+01
   3.25317e+00 	    1.85880e+01
   3.27934e+00 	    1.86265e+01
   3.30573e+00 	    1.86664e+01
   3.33233e+00 	    1.87076e+01
   3.35914e+00 	    1.87500e+01
   3.38617e+00 	    1.87938e+01
   3.41342e+00 	    1.88388e+01
   3.44089e+00 	    1.88850e+01
   3.46858e+00 	    1.89324e+01
   3.49649e+00 	    1.89809e+01
   3.52462e+00 	    1.90305e+01
   3.55298e+00 	    1.90811e+01
   3.58157e+00 	    1.91328e+01
   3.61039e+00 	    1.91856e+01
   3.63944e+00 	    1.92394e+01
   3.66873e+00 	    1.92943e+01
   3.69825e+00 	    1.93504e+01
   3.72801e+00 	    1.94075e+01
   3.75800e+00 	    1.94658e+01
   3.78824e+00 	    1.95252e+01
   3.81872e+00 	    1.95857e+01
   3.84945e+00 	    1.96474e+01
   3.88043e+00 	    1.97103e+01
   3.91165e+00 	    1.97743e+01
   3.94313e+00 	    1.98394e+01
   3.97486e+00 	    1.99057e+01
   4.00684e+00 	    1.99731e+01
   4.03908e+00 	    2.00416e+01
   4.07158e+00 	    2.01112e+01
   4.10434e+00 	    2.01820e+01
   4.13737e+00 	    2.02538e+01
   4.17066e+00 	    2.03267e+01
   4.20422e+00 	    2.04007e+01
   4.23805e+00 	    2.04757e+01
   4.27215e+00 	    2.05516e+01
   4.30653e+00 	    2.06285e+01
   4.34118e+00 	    2.07064e+01
   4.37611e+00 	    2.07851e+01
   4.41133e+00 	    2.08646e+01
   4.44682e+00 	    2.09449e+01
   4.48260e+00 	    2.10260e+01
   4.51867e+00 	    2.11079e+01
   4.55503e+00 	    2.11905e+01
   4.59169e+00 	    2.12739e+01
   4.62863e+00 	    2.13580e+01
   4.66588e+00 	    2.14429e+01
   4.70342e+00 	    2.15286e+01
   4.74127e+00 	    2.16151e+01
   4.77942e+00 	    2.17024e+01
   4.81788e+00 	    2.17904e+01
   4.85665e+00 	    2.18792e+01
   4.89573e+00 	    2.19688e+01
   4.93512e+00 	    2.20592e+01
   4.97483e+00 	    2.21503e+01
   5.01486e+00 	    2.22421e+01
   5.05521e+00 	    2.23348e+01
   5.09589e+00 	    2.24281e+01
   5.13689e+00 	    2.25222e+01
   5.17823e+00 	    2.26169e+01
   5.21990e+00 	    2.27124e+01
   5.26190e+00 	    2.28085e+01
   5.30424e+00 	    2.29052e+01
   5.34692e+00 	    2.30026e+01
   5.38994e+00 	    2.31005e+01
   5.43331e+00 	    2.31990e+01
   5.47703e+00 	    2.32981e+01
   5.52111e+00 	    2.33976e+01
   5.56553e+00 	    2.34976e+01
   5.61032e+00 	    2.35980e+01
   5.65546e+00 	    2.36988e+01
   5.70097e+00 	    2.37999e+01
   5.74684e+00 	    2.39015e+01
   5.79308e+00 	    2.40034e+01
   5.83970e+00 	    2.41058e+01
   5.88669e+00 	    2.42084e+01
   5.93405e+00 	    2.43115e+01
   5.98180e+00 	    2.44149e+01
   6.02994e+00 	    2.45187e+01
   6.07846e+00 	    2.46229e+01
   6.12737e+00 	    2.47274e+01
   6.17667e+00 	    2.48322e+01
   6.22637e+00 	    2.49373e+01
   6.27647e+00 	    2.50428e+01
   6.32698e+00 	    2.51485e+01
   6.37789e+00 	    2.52546e+01
   6.42921e+00 	    2.53609e+01
   6.48094e+00 	    2.54675e+01
   6.53309e+00 	    2.55743e+01
   6.58566e+00 	    2.56813e+01
   6.63865e+00 	    2.57885e+01
   6.69207e+00 	    2.58959e+01
   6.74592e+00 	    2.60034e+01
   6.80020e+00 	    2.61111e+01
   6.85492e+00 	    2.62188e+01
   6.91008e+00 	    2.63266e+01
   6.96568e+00 	    2.64345e+01
   7.02173e+00 	    2.65423e+01
   7.07823e+00 	    2.66501e+01
   7.13519e+00 	    2.67579e+01
   7.19260e+00 	    2.68656e+01
   7.25048e+00 	    2.69732e+01
   7.30882e+00 	    2.70808e+01
   7.36763e+00 	    2.71882e+01
   7.42691e+00 	    2.72956e+01
   7.48667e+00 	    2.74029e+01
   7.54692e+00 	    2.75100e+01
   7.60764e+00 	    2.76171e+01
   7.66886e+00 	    2.77240e+01
   7.73057e+00 	    2.78307e+01
   7.79277e+00 	    2.79373e+01
   7.85548e+00 	    2.80437e+01
   7.91869e+00 	    2.81499e+01
   7.98240e+00 	    2.82559e+01
   8.04664e+00 	    2.83617e+01
   8.11138e+00 	    2.84673e+01
   8.17665e+00 	    2.85726e+01
   8.24245e+00 	    2.86776e+01
   8.30877e+00 	    2.87824e+01
   8.37563e+00 	    2.88868e+01
   8.44302e+00 	    2.89909e+01
   8.51096e+00 	    2.90947e+01
   8.57944e+00 	    2.91980e+01
   8.64848e+00 	    2.93010e+01
   8.71807e+00 	    2.94036e+01
   8.78822e+00 	    2.95057e+01
   8.85894e+00 	    2.96073e+01
   8.93022e+00 	    2.97084e+01
   9.00208e+00 	    2.98090e+01
   9.07451e+00 	    2.99090e+01
   9.14753e+00 	    3.00085e+01
   9.22114e+00 	    3.01075e+01
   9.29534e+00 	    3.02059e+01
   9.37013e+00 	    3.03036e+01
   9.44553e+00 	    3.04008e+01
   9.52154e+00 	    3.04973e+01
   9.59815e+00 	    3.05933e+01
   9.67538e+00 	    3.06885e+01
   9.75324e+00 	    3.07831e+01
   9.83172e+00 	    3.08770e+01
   9.91083e+00 	    3.09702e+01
   9.99058e+00 	    3.10627e+01
   1.00710e+01 	    3.11544e+01
   1.01520e+01 	    3.12454e+01
   1.02337e+01 	    3.13356e+01
   1.03160e+01 	    3.14249e+01
   1.03990e+01 	    3.15135e+01
   1.04827e+01 	    3.16012e+01
   1.05671e+01 	    3.16881e+01
   1.06521e+01 	    3.17740e+01
   1.07378e+01 	    3.18590e+01
   1.08242e+01 	    3.19431e+01
   1.09113e+01 	    3.20262e+01
   1.09991e+01 	    3.21084e+01
   1.10876e+01 	    3.21894e+01
   1.11768e+01 	    3.22695e+01
   1.12668e+01 	    3.23484e+01
   1.13574e+01 	    3.24263e+01
   1.14488e+01 	    3.25030e+01
   1.15409e+01 	    3.25787e+01
   1.16338e+01 	    3.26532e+01
   1.17274e+01 	    3.27266e+01
   1.18218e+01 	    3.27988e+01
   1.19169e+01 	    3.28699e+01
   1.20128e+01 	    3.29399e+01
   1.21095e+01 	    3.30087e+01
   1.22069e+01 	    3.30763e+01
   1.23051e+01 	    3.31427e+01
   1.24041e+01 	    3.32079e+01
   1.25040e+01 	    3.32719e+01
   1.26046e+01 	    3.33347e+01
   1.27060e+01 	    3.33963e+01
   1.28082e+01 	    3.34567e+01
   1.29113e+01 	    3.35159e+01
   1.30152e+01 	    3.35738e+01
   1.31199e+01 	    3.36305e+01
   1.32255e+01 	    3.36859e+01
   1.33319e+01 	    3.37401e+01
   1.34392e+01 	    3.37931e+01
   1.35473e+01 	    3.38447e+01
   1.36563e+01 	    3.38951e+01
   1.37662e+01 	    3.39443e+01
   1.38770e+01 	    3.39921e+01
   1.39887e+01 	    3.40387e+01
   1.41012e+01 	    3.40840e+01
   1.42147e+01 	    3.41280e+01
   1.43291e+01 	    3.41708e+01
   1.44444e+01 	    3.42122e+01
   1.45606e+01 	    3.42523e+01
   1.46777e+01 	    3.42911e+01
   1.47959e+01 	    3.43285e+01
   1.49149e+01 	    3.43647e+01
   1.50349e+01 	    3.43995e+01
   1.51559e+01 	    3.44330e+01
   1.52779e+01 	    3.44651e+01
   1.54008e+01 	    3.44958e+01
   1.55247e+01 	    3.45252e+01
   1.56496e+01 	    3.45532e+01
   1.57756e+01 	    3.45799e+01
   1.59025e+01 	    3.46052e+01
   1.60305e+01 	    3.46290e+01
   1.61595e+01 	    3.46515e+01
   1.62895e+01 	    3.46725e+01
   1.64206e+01 	    3.46922e+01
   1.65527e+01 	    3.47104e+01
   1.66859e+01 	    3.47272e+01
   1.68201e+01 	    3.47425e+01
   1.69555e+01 	    3.47563e+01
   1.70919e+01 	    3.47687e+01
   1.72295e+01 	    3.47797e+01
   1.73681e+01 	    3.47891e+01
   1.75078e+01 	    3.47970e+01
   1.76487e+01 	    3.48034e+01
   1.77907e+01 	    3.48083e+01
   1.79339e+01 	    3.48116e+01
   1.80782e+01 	    3.48134e+01
   1.82237e+01 	    3.48136e+01
   1.83703e+01 	    3.48122e+01
   1.85181e+01 	    3.48092e+01
   1.86671e+01 	    3.48046e+01
   1.88173e+01 	    3.47984e+01
   1.89688e+01 	    3.47905e+01
   1.91214e+01 	    3.47810e+01
   1.92752e+01 	    3.47697e+01
   1.94303e+01 	    3.47568e+01
   1.95867e+01 	    3.47421e+01
   1.97443e+01 	    3.47257e+01
   1.99032e+01 	    3.47074e+01
   2.00633e+01 	    3.46874e+01
   2.02248e+01 	    3.46655e+01
   2.03875e+01 	    3.46418e+01
   2.05516e+01 	    3.46162e+01
   2.07169e+01 	    3.45886e+01
   2.08836e+01 	    3.45590e+01
   2.10517e+01 	    3.45275e+01
   2.12211e+01 	    3.44939e+01
   2.13918e+01 	    3.44582e+01
   2.15640e+01 	    3.44204e+01
   2.17375e+01 	    3.43804e+01
   2.19124e+01 	    3.43381e+01
   2.20887e+01 	    3.42936e+01
   2.22664e+01 	    3.42468e+01
   2.24456e+01 	    3.41975e+01
   2.26262e+01 	    3.41459e+01
   2.28083e+01 	    3.40919e+01
   2.29918e+01 	    3.40355e+01
   2.31768e+01 	    3.39768e+01
   2.33633e+01 	    3.39158e+01
   2.35513e+01 	    3.38525e+01
   2.37408e+01 	    3.37868e+01
   2.39318e+01 	    3.37189e+01
   2.41244e+01 	    3.36488e+01
   2.43185e+01 	    3.35765e+01
   2.45142e+01 	    3.35020e+01
   2.47115e+01 	    3.34253e+01
   2.49103e+01 	    3.33465e+01
   2.51108e+01 	    3.32656e+01
   2.53128e+01 	    3.31827e+01
   2.55165e+01 	    3.30978e+01
   2.57218e+01 	    3.30108e+01
   2.59288e+01 	    3.29220e+01
   2.61374e+01 	    3.28312e+01
   2.63477e+01 	    3.27386e+01
   2.65598e+01 	    3.26442e+01
   2.67735e+01 	    3.25480e+01
   2.69889e+01 	    3.24502e+01
   2.72061e+01 	    3.23507e+01
   2.74250e+01 	    3.22496e+01
   2.76457e+01 	    3.21470e+01
   2.78681e+01 	    3.20429e+01
   2.80924e+01 	    3.19374e+01
   2.83184e+01 	    3.18305e+01
   2.85463e+01 	    3.17223e+01
   2.87760e+01 	    3.16128e+01
   2.90075e+01 	    3.15019e+01
   2.92409e+01 	    3.13897e+01
   2.94762e+01 	    3.12761e+01
   2.97134e+01 	    3.11611e+01
   2.99525e+01 	    3.10449e+01
   3.01935e+01 	    3.09272e+01
   3.04365e+01 	    3.08082e+01
   3.06814e+01 	    3.06878e+01
   3.09283e+01 	    3.05659e+01
   3.11771e+01 	    3.04427e+01
   3.14280e+01 	    3.03180e+01
   3.16809e+01 	    3.01918e+01
   3.19358e+01 	    3.00641e+01
   3.21928e+01 	    2.99348e+01
   3.24518e+01 	    2.98040e+01
   3.27129e+01 	    2.96716e+01
   3.29762e+01 	    2.95375e+01
   3.32415e+01 	    2.94016e+01
   3.35090e+01 	    2.92640e+01
   3.37786e+01 	    2.91246e+01
   3.40504e+01 	    2.89832e+01
   3.43244e+01 	    2.88399e+01
   3.46006e+01 	    2.86945e+01
   3.48790e+01 	    2.85469e+01
   3.51597e+01 	    2.83971e+01
   3.54426e+01 	    2.82450e+01
   3.57278e+01 	    2.80905e+01
   3.60153e+01 	    2.79337e+01
   3.63051e+01 	    2.77746e+01
   3.65972e+01 	    2.76132e+01
   3.68917e+01 	    2.74496e+01
   3.71886e+01 	    2.72838e+01
   3.74878e+01 	    2.71159e+01
   3.77894e+01 	    2.69460e+01
   3.80935e+01 	    2.67740e+01
   3.84000e+01 	    2.66000e+01
   3.87090e+01 	    2.64242e+01
   3.90205e+01 	    2.62465e+01
   3.93345e+01 	    2.60669e+01
   3.96510e+01 	    2.58857e+01
   3.99701e+01 	    2.57027e+01
   4.02917e+01 	    2.55181e+01
   4.06159e+01 	    2.53320e+01
   4.09427e+01 	    2.51444e+01
   4.12722e+01 	    2.49554e+01
   4.16043e+01 	    2.47651e+01
   4.19390e+01 	    2.45735e+01
   4.22765e+01 	    2.43807e+01
   4.26167e+01 	    2.41867e+01
   4.29596e+01 	    2.39918e+01
   4.33053e+01 	    2.37959e+01
   4.36537e+01 	    2.35991e+01
   4.40050e+01 	    2.34015e+01
   4.43591e+01 	    2.32033e+01
   4.47160e+01 	    2.30044e+01
   4.50758e+01 	    2.28049e+01
   4.54385e+01 	    2.26049e+01
   4.58042e+01 	    2.24044e+01
   4.61727e+01 	    2.22033e+01
   4.65443e+01 	    2.20017e+01
   4.69188e+01 	    2.17995e+01
   4.72963e+01 	    2.15968e+01
   4.76769e+01 	    2.13936e+01
   4.80605e+01 	    2.11897e+01
   4.84473e+01 	    2.09853e+01
   4.88371e+01 	    2.07804e+01
   4.92301e+01 	    2.05747e+01
   4.96262e+01 	    2.03684e+01
   5.00255e+01 	    2.01614e+01
   5.04280e+01 	    1.99537e+01
   5.08338e+01 	    1.97451e+01
   5.12429e+01 	    1.95357e+01
   5.16552e+01 	    1.93253e+01
   5.20708e+01 	    1.91139e+01
   5.24898e+01 	    1.89014e+01
   5.29122e+01 	    1.86877e+01
   5.33380e+01 	    1.84727e+01
   5.37671e+01 	    1.82563e+01
   5.41998e+01 	    1.80383e+01
   5.46359e+01 	    1.78187e+01
   5.50755e+01 	    1.75973e+01
   5.55187e+01 	    1.73739e+01
   5.59654e+01 	    1.71483e+01
   5.64158e+01 	    1.69222e+01
   5.68697e+01 	    1.66978e+01
   5.73273e+01 	    1.64752e+01
   5.77886e+01 	    1.62542e+01
   5.82536e+01 	    1.60348e+01
   5.87224e+01 	    1.58169e+01
   5.91949e+01 	    1.56002e+01
   5.96712e+01 	    1.53847e+01
   6.01514e+01 	    1.51698e+01
   6.06354e+01 	    1.49554e+01
   6.11233e+01 	    1.47410e+01
   6.16151e+01 	    1.45260e+01
   6.21109e+01 	    1.43103e+01
   6.26107e+01 	    1.40937e+01
   6.31145e+01 	    1.38761e+01
   6.36223e+01 	    1.36575e+01
   6.41343e+01 	    1.34375e+01
   6.46503e+01 	    1.32160e+01
   6.51706e+01 	    1.29927e+01
   6.56950e+01 	    1.27672e+01
   6.62236e+01 	    1.25393e+01
   6.67564e+01 	    1.23084e+01
   6.72936e+01 	    1.20745e+01
   6.78351e+01 	    1.18377e+01
   6.83809e+01 	    1.15987e+01
   6.89312e+01 	    1.13580e+01
   6.94858e+01 	    1.11160e+01
   7.00450e+01 	    1.08734e+01
   7.06086e+01 	    1.06308e+01
   7.11767e+01 	    1.03889e+01
   7.17495e+01 	    1.01485e+01
   7.23268e+01 	    9.91027e+00
   7.29088e+01 	    9.67435e+00
   7.34954e+01 	    9.44032e+00
   7.40868e+01 	    9.20769e+00
   7.46830e+01 	    8.97589e+00
   7.52839e+01 	    8.74424e+00
   7.58897e+01 	    8.51197e+00
   7.65004e+01 	    8.27819e+00
   7.71159e+01 	    8.04189e+00
   7.77364e+01 	    7.80213e+00
   7.83620e+01 	    7.55953e+00
   7.89925e+01 	    7.31553e+00
   7.96281e+01 	    7.07171e+00
   8.02689e+01 	    6.82985e+00
   8.09147e+01 	    6.59187e+00
   8.15658e+01 	    6.35990e+00
   8.22222e+01 	    6.13627e+00
   8.28838e+01 	    5.92358e+00
   8.35507e+01 	    5.72674e+00
   8.42230e+01 	    5.55319e+00
   8.49007e+01 	    5.41125e+00
   8.55839e+01 	    5.31003e+00
   8.62725e+01 	    5.25953e+00
   8.69667e+01 	    5.27068e+00
   8.76665e+01 	    5.35540e+00
   8.83719e+01 	    5.52579e+00
   8.90830e+01 	    5.78637e+00
   8.97998e+01 	    6.13685e+00
   9.05224e+01 	    6.57642e+00
   9.12508e+01 	    7.10377e+00
   9.19851e+01 	    7.71708e+00
   9.27252e+01 	    8.41392e+00
   9.34713e+01 	    9.19108e+00
   9.42235e+01 	    1.00393e+01
   9.49817e+01 	    1.09407e+01
   9.57459e+01 	    1.18747e+01
   9.65164e+01 	    1.28180e+01
   9.72930e+01 	    1.37448e+01
   9.80759e+01 	    1.46263e+01
   9.88650e+01 	    1.54309e+01
   9.96606e+01 	    1.61357e+01
   1.00462e+02 	    1.67285e+01
   1.01271e+02 	    1.71965e+01
   1.02086e+02 	    1.75264e+01
   1.02907e+02 	    1.77039e+01
   1.03735e+02 	    1.77135e+01
   1.04570e+02 	    1.75428e+01
   1.05411e+02 	    1.71981e+01
   1.06260e+02 	    1.66935e+01
   1.07115e+02 	    1.60453e+01
   1.07977e+02 	    1.52725e+01
   1.08845e+02 	    1.43969e+01
   1.09721e+02 	    1.34424e+01
   1.10604e+02 	    1.24270e+01
   1.11494e+02 	    1.13656e+01
   1.12391e+02 	    1.02749e+01
   1.13296e+02 	    9.17360e+00
   1.14207e+02 	    8.08273e+00
   1.15126e+02 	    7.02365e+00
   1.16053e+02 	    6.00465e+00
   1.16986e+02 	    5.02707e+00
   1.17928e+02 	    4.09211e+00
   1.18877e+02 	    3.20079e+00
   1.19833e+02 	    2.35399e+00
   1.20797e+02 	    1.55230e+00
   1.21769e+02 	    7.95926e-01
   1.22749e+02 	    8.47628e-02
   1.23737e+02 	   -5.81588e-01
   1.24733e+02 	   -1.20384e+00
   1.25736e+02 	   -1.78298e+00
   1.26748e+02 	   -2.31929e+00
   1.27768e+02 	   -2.81274e+00
   1.28796e+02 	   -3.26351e+00
   1.29832e+02 	   -3.67208e+00
   1.30877e+02 	   -4.03922e+00
   1.31930e+02 	   -4.36727e+00
   1.32992e+02 	   -4.66022e+00
   1.34062e+02 	   -4.92278e+00
   1.35141e+02 	   -5.16040e+00
   1.36228e+02 	   -5.37912e+00
   1.37324e+02 	   -5.58204e+00
   1.38429e+02 	   -5.76911e+00
   1.39543e+02 	   -5.94021e+00
   1.40666e+02 	   -6.09527e+00
   1.41798e+02 	   -6.23431e+00
   1.42939e+02 	   -6.35709e+00
   1.44089e+02 	   -6.46326e+00
   1.45248e+02 	   -6.55252e+00
   1.46417e+02 	   -6.62461e+00
   1.47595e+02 	   -6.68006e+00
   1.48783e+02 	   -6.72154e+00
   1.49980e+02 	   -6.75249e+00
   1.51187e+02 	   -6.77683e+00
   1.52404e+02 	   -6.79863e+00
   1.53630e+02 	   -6.81910e+00
   1.54866e+02 	   -6.83731e+00
   1.56112e+02 	   -6.85222e+00
   1.57368e+02 	   -6.86266e+00
   1.58635e+02 	   -6.86752e+00
   1.59911e+02 	   -6.86579e+00
   1.61198e+02 	   -6.85639e+00
   1.62495e+02 	   -6.83818e+00
   1.63803e+02 	   -6.81117e+00
   1.65121e+02 	   -6.77823e+00
   1.66449e+02 	   -6.74294e+00
   1.67789e+02 	   -6.70930e+00
   1.69139e+02 	   -6.68013e+00
   1.70500e+02 	   -6.65485e+00
   1.71872e+02 	   -6.63222e+00
   1.73255e+02 	   -6.61086e+00
   1.74649e+02 	   -6.58931e+00
   1.76054e+02 	   -6.56608e+00
   1.77471e+02 	   -6.53955e+00
   1.78899e+02 	   -6.50799e+00
   1.80338e+02 	   -6.47167e+00
   1.81789e+02 	   -6.43297e+00
   1.83252e+02 	   -6.39462e+00
   1.84727e+02 	   -6.35925e+00
   1.86213e+02 	   -6.32702e+00
   1.87711e+02 	   -6.29707e+00
   1.89222e+02 	   -6.26840e+00
   1.90745e+02 	   -6.23924e+00
   1.92279e+02 	   -6.20656e+00
   1.93827e+02 	   -6.16684e+00
   1.95386e+02 	   -6.11706e+00
   1.96958e+02 	   -6.05963e+00
   1.98543e+02 	   -5.99961e+00
   2.00141e+02 	   -5.94260e+00
   2.01751e+02 	   -5.89273e+00
   2.03375e+02 	   -5.85229e+00
   2.05011e+02 	   -5.82361e+00
   2.06661e+02 	   -5.80538e+00
   2.08324e+02 	   -5.78697e+00
   2.10000e+02 	   -5.75521e+00
