#Omega_b = 0.050000
#Omega_m = 0.300000
#Omega_de = 0.680000
#hubble = 0.700000
#w0 = -0.800000
#wa = 0.200000
#sigma8 = 0.800000
#n_s = 0.960000
#
#R    R*R*xi_LIN(R) ;; R is in h^-1 Mpc,   R*R*xi_LIN(R) is in (h^-1 Mpc)^2.  
   7.00000e-02 	    5.64434e-02
   7.05633e-02 	    5.71272e-02
   7.11311e-02 	    5.78189e-02
   7.17034e-02 	    5.85187e-02
   7.22804e-02 	    5.92267e-02
   7.28620e-02 	    5.99430e-02
   7.34483e-02 	    6.06676e-02
   7.40393e-02 	    6.14007e-02
   7.46351e-02 	    6.21422e-02
   7.52356e-02 	    6.28924e-02
   7.58410e-02 	    6.36514e-02
   7.64513e-02 	    6.44191e-02
   7.70664e-02 	    6.51958e-02
   7.76866e-02 	    6.59814e-02
   7.83117e-02 	    6.67762e-02
   7.89418e-02 	    6.75802e-02
   7.95770e-02 	    6.83935e-02
   8.02173e-02 	    6.92162e-02
   8.08628e-02 	    7.00485e-02
   8.15135e-02 	    7.08903e-02
   8.21694e-02 	    7.17419e-02
   8.28306e-02 	    7.26033e-02
   8.34971e-02 	    7.34747e-02
   8.41689e-02 	    7.43561e-02
   8.48462e-02 	    7.52476e-02
   8.55289e-02 	    7.61494e-02
   8.62172e-02 	    7.70616e-02
   8.69109e-02 	    7.79843e-02
   8.76102e-02 	    7.89176e-02
   8.83152e-02 	    7.98616e-02
   8.90258e-02 	    8.08164e-02
   8.97422e-02 	    8.17822e-02
   9.04643e-02 	    8.27590e-02
   9.11922e-02 	    8.37470e-02
   9.19260e-02 	    8.47463e-02
   9.26657e-02 	    8.57570e-02
   9.34114e-02 	    8.67793e-02
   9.41630e-02 	    8.78132e-02
   9.49207e-02 	    8.88589e-02
   9.56845e-02 	    8.99165e-02
   9.64544e-02 	    9.09861e-02
   9.72305e-02 	    9.20678e-02
   9.80129e-02 	    9.31619e-02
   9.88016e-02 	    9.42683e-02
   9.95966e-02 	    9.53872e-02
   1.00398e-01 	    9.65189e-02
   1.01206e-01 	    9.76633e-02
   1.02020e-01 	    9.88206e-02
   1.02841e-01 	    9.99910e-02
   1.03669e-01 	    1.01175e-01
   1.04503e-01 	    1.02371e-01
   1.05344e-01 	    1.03582e-01
   1.06191e-01 	    1.04806e-01
   1.07046e-01 	    1.06043e-01
   1.07907e-01 	    1.07295e-01
   1.08776e-01 	    1.08560e-01
   1.09651e-01 	    1.09840e-01
   1.10533e-01 	    1.11134e-01
   1.11423e-01 	    1.12443e-01
   1.12319e-01 	    1.13766e-01
   1.13223e-01 	    1.15103e-01
   1.14134e-01 	    1.16456e-01
   1.15052e-01 	    1.17824e-01
   1.15978e-01 	    1.19207e-01
   1.16911e-01 	    1.20605e-01
   1.17852e-01 	    1.22019e-01
   1.18800e-01 	    1.23448e-01
   1.19756e-01 	    1.24894e-01
   1.20720e-01 	    1.26356e-01
   1.21691e-01 	    1.27833e-01
   1.22671e-01 	    1.29328e-01
   1.23658e-01 	    1.30839e-01
   1.24653e-01 	    1.32367e-01
   1.25656e-01 	    1.33911e-01
   1.26667e-01 	    1.35473e-01
   1.27686e-01 	    1.37053e-01
   1.28713e-01 	    1.38650e-01
   1.29749e-01 	    1.40264e-01
   1.30793e-01 	    1.41897e-01
   1.31846e-01 	    1.43548e-01
   1.32906e-01 	    1.45217e-01
   1.33976e-01 	    1.46905e-01
   1.35054e-01 	    1.48612e-01
   1.36141e-01 	    1.50337e-01
   1.37236e-01 	    1.52082e-01
   1.38340e-01 	    1.53847e-01
   1.39454e-01 	    1.55631e-01
   1.40576e-01 	    1.57435e-01
   1.41707e-01 	    1.59259e-01
   1.42847e-01 	    1.61103e-01
   1.43997e-01 	    1.62968e-01
   1.45155e-01 	    1.64853e-01
   1.46323e-01 	    1.66760e-01
   1.47501e-01 	    1.68688e-01
   1.48688e-01 	    1.70637e-01
   1.49884e-01 	    1.72607e-01
   1.51090e-01 	    1.74599e-01
   1.52306e-01 	    1.76613e-01
   1.53531e-01 	    1.78650e-01
   1.54767e-01 	    1.80708e-01
   1.56012e-01 	    1.82790e-01
   1.57267e-01 	    1.84894e-01
   1.58533e-01 	    1.87021e-01
   1.59809e-01 	    1.89171e-01
   1.61094e-01 	    1.91345e-01
   1.62391e-01 	    1.93542e-01
   1.63697e-01 	    1.95764e-01
   1.65015e-01 	    1.98009e-01
   1.66342e-01 	    2.00279e-01
   1.67681e-01 	    2.02573e-01
   1.69030e-01 	    2.04892e-01
   1.70390e-01 	    2.07236e-01
   1.71761e-01 	    2.09605e-01
   1.73143e-01 	    2.11999e-01
   1.74537e-01 	    2.14419e-01
   1.75941e-01 	    2.16865e-01
   1.77357e-01 	    2.19337e-01
   1.78784e-01 	    2.21836e-01
   1.80223e-01 	    2.24361e-01
   1.81673e-01 	    2.26913e-01
   1.83135e-01 	    2.29491e-01
   1.84608e-01 	    2.32098e-01
   1.86094e-01 	    2.34732e-01
   1.87591e-01 	    2.37394e-01
   1.89100e-01 	    2.40084e-01
   1.90622e-01 	    2.42803e-01
   1.92156e-01 	    2.45550e-01
   1.93702e-01 	    2.48327e-01
   1.95261e-01 	    2.51133e-01
   1.96832e-01 	    2.53969e-01
   1.98416e-01 	    2.56834e-01
   2.00012e-01 	    2.59730e-01
   2.01622e-01 	    2.62657e-01
   2.03244e-01 	    2.65614e-01
   2.04880e-01 	    2.68603e-01
   2.06528e-01 	    2.71623e-01
   2.08190e-01 	    2.74675e-01
   2.09865e-01 	    2.77759e-01
   2.11554e-01 	    2.80876e-01
   2.13256e-01 	    2.84025e-01
   2.14972e-01 	    2.87207e-01
   2.16702e-01 	    2.90423e-01
   2.18446e-01 	    2.93673e-01
   2.20203e-01 	    2.96957e-01
   2.21975e-01 	    3.00275e-01
   2.23761e-01 	    3.03629e-01
   2.25562e-01 	    3.07017e-01
   2.27377e-01 	    3.10441e-01
   2.29207e-01 	    3.13901e-01
   2.31051e-01 	    3.17397e-01
   2.32910e-01 	    3.20929e-01
   2.34784e-01 	    3.24499e-01
   2.36673e-01 	    3.28105e-01
   2.38578e-01 	    3.31749e-01
   2.40498e-01 	    3.35432e-01
   2.42433e-01 	    3.39152e-01
   2.44384e-01 	    3.42911e-01
   2.46350e-01 	    3.46709e-01
   2.48332e-01 	    3.50546e-01
   2.50330e-01 	    3.54423e-01
   2.52345e-01 	    3.58340e-01
   2.54375e-01 	    3.62297e-01
   2.56422e-01 	    3.66295e-01
   2.58485e-01 	    3.70335e-01
   2.60565e-01 	    3.74416e-01
   2.62662e-01 	    3.78538e-01
   2.64776e-01 	    3.82704e-01
   2.66906e-01 	    3.86911e-01
   2.69054e-01 	    3.91162e-01
   2.71219e-01 	    3.95457e-01
   2.73401e-01 	    3.99795e-01
   2.75601e-01 	    4.04178e-01
   2.77819e-01 	    4.08605e-01
   2.80054e-01 	    4.13077e-01
   2.82308e-01 	    4.17594e-01
   2.84579e-01 	    4.22158e-01
   2.86869e-01 	    4.26768e-01
   2.89178e-01 	    4.31424e-01
   2.91504e-01 	    4.36128e-01
   2.93850e-01 	    4.40879e-01
   2.96215e-01 	    4.45678e-01
   2.98598e-01 	    4.50525e-01
   3.01001e-01 	    4.55422e-01
   3.03423e-01 	    4.60367e-01
   3.05864e-01 	    4.65363e-01
   3.08325e-01 	    4.70408e-01
   3.10806e-01 	    4.75504e-01
   3.13307e-01 	    4.80651e-01
   3.15828e-01 	    4.85850e-01
   3.18370e-01 	    4.91101e-01
   3.20932e-01 	    4.96404e-01
   3.23514e-01 	    5.01759e-01
   3.26117e-01 	    5.07169e-01
   3.28741e-01 	    5.12632e-01
   3.31386e-01 	    5.18149e-01
   3.34053e-01 	    5.23722e-01
   3.36741e-01 	    5.29349e-01
   3.39451e-01 	    5.35032e-01
   3.42182e-01 	    5.40772e-01
   3.44935e-01 	    5.46568e-01
   3.47711e-01 	    5.52421e-01
   3.50509e-01 	    5.58332e-01
   3.53329e-01 	    5.64302e-01
   3.56172e-01 	    5.70330e-01
   3.59038e-01 	    5.76417e-01
   3.61927e-01 	    5.82564e-01
   3.64840e-01 	    5.88771e-01
   3.67775e-01 	    5.95039e-01
   3.70735e-01 	    6.01369e-01
   3.73718e-01 	    6.07760e-01
   3.76725e-01 	    6.14213e-01
   3.79756e-01 	    6.20730e-01
   3.82812e-01 	    6.27309e-01
   3.85892e-01 	    6.33953e-01
   3.88998e-01 	    6.40662e-01
   3.92128e-01 	    6.47435e-01
   3.95283e-01 	    6.54274e-01
   3.98464e-01 	    6.61179e-01
   4.01670e-01 	    6.68151e-01
   4.04902e-01 	    6.75190e-01
   4.08160e-01 	    6.82297e-01
   4.11444e-01 	    6.89472e-01
   4.14755e-01 	    6.96716e-01
   4.18092e-01 	    7.04030e-01
   4.21457e-01 	    7.11414e-01
   4.24848e-01 	    7.18869e-01
   4.28266e-01 	    7.26395e-01
   4.31713e-01 	    7.33993e-01
   4.35186e-01 	    7.41663e-01
   4.38688e-01 	    7.49406e-01
   4.42218e-01 	    7.57224e-01
   4.45776e-01 	    7.65115e-01
   4.49363e-01 	    7.73082e-01
   4.52979e-01 	    7.81123e-01
   4.56624e-01 	    7.89241e-01
   4.60298e-01 	    7.97436e-01
   4.64002e-01 	    8.05708e-01
   4.67736e-01 	    8.14058e-01
   4.71500e-01 	    8.22486e-01
   4.75294e-01 	    8.30993e-01
   4.79118e-01 	    8.39580e-01
   4.82973e-01 	    8.48247e-01
   4.86860e-01 	    8.56996e-01
   4.90777e-01 	    8.65825e-01
   4.94726e-01 	    8.74737e-01
   4.98707e-01 	    8.83731e-01
   5.02720e-01 	    8.92809e-01
   5.06765e-01 	    9.01971e-01
   5.10843e-01 	    9.11217e-01
   5.14953e-01 	    9.20549e-01
   5.19097e-01 	    9.29966e-01
   5.23274e-01 	    9.39470e-01
   5.27485e-01 	    9.49061e-01
   5.31729e-01 	    9.58739e-01
   5.36008e-01 	    9.68506e-01
   5.40321e-01 	    9.78362e-01
   5.44668e-01 	    9.88307e-01
   5.49051e-01 	    9.98342e-01
   5.53469e-01 	    1.00847e+00
   5.57923e-01 	    1.01869e+00
   5.62412e-01 	    1.02900e+00
   5.66937e-01 	    1.03940e+00
   5.71499e-01 	    1.04989e+00
   5.76098e-01 	    1.06049e+00
   5.80734e-01 	    1.07117e+00
   5.85406e-01 	    1.08195e+00
   5.90117e-01 	    1.09283e+00
   5.94865e-01 	    1.10380e+00
   5.99652e-01 	    1.11488e+00
   6.04477e-01 	    1.12605e+00
   6.09341e-01 	    1.13732e+00
   6.14244e-01 	    1.14869e+00
   6.19187e-01 	    1.16017e+00
   6.24169e-01 	    1.17174e+00
   6.29192e-01 	    1.18342e+00
   6.34254e-01 	    1.19520e+00
   6.39358e-01 	    1.20708e+00
   6.44503e-01 	    1.21908e+00
   6.49689e-01 	    1.23117e+00
   6.54917e-01 	    1.24338e+00
   6.60186e-01 	    1.25569e+00
   6.65499e-01 	    1.26811e+00
   6.70854e-01 	    1.28064e+00
   6.76252e-01 	    1.29328e+00
   6.81693e-01 	    1.30603e+00
   6.87179e-01 	    1.31890e+00
   6.92708e-01 	    1.33187e+00
   6.98282e-01 	    1.34497e+00
   7.03901e-01 	    1.35817e+00
   7.09565e-01 	    1.37150e+00
   7.15274e-01 	    1.38494e+00
   7.21030e-01 	    1.39849e+00
   7.26832e-01 	    1.41217e+00
   7.32680e-01 	    1.42596e+00
   7.38576e-01 	    1.43988e+00
   7.44519e-01 	    1.45391e+00
   7.50509e-01 	    1.46807e+00
   7.56549e-01 	    1.48234e+00
   7.62636e-01 	    1.49674e+00
   7.68773e-01 	    1.51127e+00
   7.74959e-01 	    1.52592e+00
   7.81195e-01 	    1.54069e+00
   7.87480e-01 	    1.55559e+00
   7.93817e-01 	    1.57061e+00
   8.00205e-01 	    1.58576e+00
   8.06643e-01 	    1.60104e+00
   8.13134e-01 	    1.61645e+00
   8.19677e-01 	    1.63199e+00
   8.26273e-01 	    1.64765e+00
   8.32921e-01 	    1.66345e+00
   8.39624e-01 	    1.67938e+00
   8.46380e-01 	    1.69544e+00
   8.53190e-01 	    1.71163e+00
   8.60055e-01 	    1.72796e+00
   8.66976e-01 	    1.74442e+00
   8.73952e-01 	    1.76101e+00
   8.80984e-01 	    1.77774e+00
   8.88073e-01 	    1.79461e+00
   8.95219e-01 	    1.81161e+00
   9.02423e-01 	    1.82874e+00
   9.09684e-01 	    1.84602e+00
   9.17004e-01 	    1.86344e+00
   9.24383e-01 	    1.88099e+00
   9.31821e-01 	    1.89869e+00
   9.39319e-01 	    1.91652e+00
   9.46877e-01 	    1.93450e+00
   9.54496e-01 	    1.95262e+00
   9.62177e-01 	    1.97089e+00
   9.69919e-01 	    1.98930e+00
   9.77723e-01 	    2.00785e+00
   9.85591e-01 	    2.02656e+00
   9.93521e-01 	    2.04541e+00
   1.00152e+00 	    2.06441e+00
   1.00957e+00 	    2.08355e+00
   1.01770e+00 	    2.10285e+00
   1.02589e+00 	    2.12230e+00
   1.03414e+00 	    2.14190e+00
   1.04246e+00 	    2.16165e+00
   1.05085e+00 	    2.18156e+00
   1.05931e+00 	    2.20162e+00
   1.06783e+00 	    2.22184e+00
   1.07642e+00 	    2.24221e+00
   1.08509e+00 	    2.26274e+00
   1.09382e+00 	    2.28343e+00
   1.10262e+00 	    2.30428e+00
   1.11149e+00 	    2.32529e+00
   1.12043e+00 	    2.34646e+00
   1.12945e+00 	    2.36779e+00
   1.13854e+00 	    2.38928e+00
   1.14770e+00 	    2.41094e+00
   1.15693e+00 	    2.43276e+00
   1.16624e+00 	    2.45475e+00
   1.17563e+00 	    2.47690e+00
   1.18509e+00 	    2.49922e+00
   1.19462e+00 	    2.52171e+00
   1.20424e+00 	    2.54436e+00
   1.21393e+00 	    2.56718e+00
   1.22369e+00 	    2.59018e+00
   1.23354e+00 	    2.61334e+00
   1.24347e+00 	    2.63668e+00
   1.25347e+00 	    2.66019e+00
   1.26356e+00 	    2.68387e+00
   1.27373e+00 	    2.70772e+00
   1.28397e+00 	    2.73175e+00
   1.29431e+00 	    2.75595e+00
   1.30472e+00 	    2.78033e+00
   1.31522e+00 	    2.80488e+00
   1.32580e+00 	    2.82962e+00
   1.33647e+00 	    2.85453e+00
   1.34722e+00 	    2.87962e+00
   1.35807e+00 	    2.90488e+00
   1.36899e+00 	    2.93033e+00
   1.38001e+00 	    2.95596e+00
   1.39111e+00 	    2.98177e+00
   1.40231e+00 	    3.00776e+00
   1.41359e+00 	    3.03393e+00
   1.42497e+00 	    3.06029e+00
   1.43643e+00 	    3.08683e+00
   1.44799e+00 	    3.11355e+00
   1.45964e+00 	    3.14046e+00
   1.47139e+00 	    3.16756e+00
   1.48323e+00 	    3.19484e+00
   1.49516e+00 	    3.22231e+00
   1.50719e+00 	    3.24997e+00
   1.51932e+00 	    3.27781e+00
   1.53154e+00 	    3.30585e+00
   1.54387e+00 	    3.33407e+00
   1.55629e+00 	    3.36248e+00
   1.56881e+00 	    3.39109e+00
   1.58144e+00 	    3.41989e+00
   1.59416e+00 	    3.44888e+00
   1.60699e+00 	    3.47806e+00
   1.61992e+00 	    3.50743e+00
   1.63296e+00 	    3.53700e+00
   1.64610e+00 	    3.56676e+00
   1.65934e+00 	    3.59672e+00
   1.67269e+00 	    3.62688e+00
   1.68615e+00 	    3.65723e+00
   1.69972e+00 	    3.68777e+00
   1.71340e+00 	    3.71852e+00
   1.72718e+00 	    3.74946e+00
   1.74108e+00 	    3.78060e+00
   1.75509e+00 	    3.81193e+00
   1.76921e+00 	    3.84347e+00
   1.78345e+00 	    3.87521e+00
   1.79780e+00 	    3.90714e+00
   1.81227e+00 	    3.93928e+00
   1.82685e+00 	    3.97162e+00
   1.84155e+00 	    4.00416e+00
   1.85637e+00 	    4.03690e+00
   1.87131e+00 	    4.06984e+00
   1.88636e+00 	    4.10298e+00
   1.90154e+00 	    4.13633e+00
   1.91684e+00 	    4.16988e+00
   1.93227e+00 	    4.20364e+00
   1.94782e+00 	    4.23759e+00
   1.96349e+00 	    4.27175e+00
   1.97929e+00 	    4.30612e+00
   1.99521e+00 	    4.34069e+00
   2.01127e+00 	    4.37546e+00
   2.02745e+00 	    4.41044e+00
   2.04377e+00 	    4.44562e+00
   2.06021e+00 	    4.48101e+00
   2.07679e+00 	    4.51661e+00
   2.09350e+00 	    4.55241e+00
   2.11035e+00 	    4.58842e+00
   2.12733e+00 	    4.62463e+00
   2.14445e+00 	    4.66105e+00
   2.16170e+00 	    4.69767e+00
   2.17910e+00 	    4.73450e+00
   2.19663e+00 	    4.77154e+00
   2.21430e+00 	    4.80878e+00
   2.23212e+00 	    4.84623e+00
   2.25008e+00 	    4.88388e+00
   2.26819e+00 	    4.92174e+00
   2.28644e+00 	    4.95981e+00
   2.30484e+00 	    4.99808e+00
   2.32338e+00 	    5.03656e+00
   2.34208e+00 	    5.07525e+00
   2.36093e+00 	    5.11414e+00
   2.37992e+00 	    5.15324e+00
   2.39907e+00 	    5.19254e+00
   2.41838e+00 	    5.23205e+00
   2.43784e+00 	    5.27176e+00
   2.45745e+00 	    5.31168e+00
   2.47723e+00 	    5.35180e+00
   2.49716e+00 	    5.39213e+00
   2.51725e+00 	    5.43266e+00
   2.53751e+00 	    5.47339e+00
   2.55793e+00 	    5.51433e+00
   2.57851e+00 	    5.55547e+00
   2.59926e+00 	    5.59682e+00
   2.62017e+00 	    5.63836e+00
   2.64126e+00 	    5.68011e+00
   2.66251e+00 	    5.72206e+00
   2.68393e+00 	    5.76421e+00
   2.70553e+00 	    5.80656e+00
   2.72730e+00 	    5.84911e+00
   2.74925e+00 	    5.89185e+00
   2.77137e+00 	    5.93480e+00
   2.79367e+00 	    5.97794e+00
   2.81615e+00 	    6.02129e+00
   2.83881e+00 	    6.06482e+00
   2.86165e+00 	    6.10856e+00
   2.88468e+00 	    6.15249e+00
   2.90789e+00 	    6.19661e+00
   2.93129e+00 	    6.24093e+00
   2.95487e+00 	    6.28544e+00
   2.97865e+00 	    6.33014e+00
   3.00262e+00 	    6.37503e+00
   3.02678e+00 	    6.42011e+00
   3.05114e+00 	    6.46538e+00
   3.07569e+00 	    6.51084e+00
   3.10044e+00 	    6.55648e+00
   3.12538e+00 	    6.60232e+00
   3.15053e+00 	    6.64833e+00
   3.17588e+00 	    6.69453e+00
   3.20144e+00 	    6.74091e+00
   3.22720e+00 	    6.78748e+00
   3.25317e+00 	    6.83422e+00
   3.27934e+00 	    6.88115e+00
   3.30573e+00 	    6.92825e+00
   3.33233e+00 	    6.97552e+00
   3.35914e+00 	    7.02298e+00
   3.38617e+00 	    7.07060e+00
   3.41342e+00 	    7.11840e+00
   3.44089e+00 	    7.16637e+00
   3.46858e+00 	    7.21450e+00
   3.49649e+00 	    7.26281e+00
   3.52462e+00 	    7.31128e+00
   3.55298e+00 	    7.35991e+00
   3.58157e+00 	    7.40871e+00
   3.61039e+00 	    7.45767e+00
   3.63944e+00 	    7.50679e+00
   3.66873e+00 	    7.55606e+00
   3.69825e+00 	    7.60549e+00
   3.72801e+00 	    7.65508e+00
   3.75800e+00 	    7.70481e+00
   3.78824e+00 	    7.75470e+00
   3.81872e+00 	    7.80473e+00
   3.84945e+00 	    7.85491e+00
   3.88043e+00 	    7.90524e+00
   3.91165e+00 	    7.95570e+00
   3.94313e+00 	    8.00631e+00
   3.97486e+00 	    8.05706e+00
   4.00684e+00 	    8.10794e+00
   4.03908e+00 	    8.15895e+00
   4.07158e+00 	    8.21009e+00
   4.10434e+00 	    8.26137e+00
   4.13737e+00 	    8.31277e+00
   4.17066e+00 	    8.36429e+00
   4.20422e+00 	    8.41593e+00
   4.23805e+00 	    8.46770e+00
   4.27215e+00 	    8.51957e+00
   4.30653e+00 	    8.57157e+00
   4.34118e+00 	    8.62367e+00
   4.37611e+00 	    8.67588e+00
   4.41133e+00 	    8.72820e+00
   4.44682e+00 	    8.78062e+00
   4.48260e+00 	    8.83313e+00
   4.51867e+00 	    8.88575e+00
   4.55503e+00 	    8.93846e+00
   4.59169e+00 	    8.99126e+00
   4.62863e+00 	    9.04414e+00
   4.66588e+00 	    9.09711e+00
   4.70342e+00 	    9.15017e+00
   4.74127e+00 	    9.20330e+00
   4.77942e+00 	    9.25651e+00
   4.81788e+00 	    9.30979e+00
   4.85665e+00 	    9.36313e+00
   4.89573e+00 	    9.41655e+00
   4.93512e+00 	    9.47003e+00
   4.97483e+00 	    9.52356e+00
   5.01486e+00 	    9.57715e+00
   5.05521e+00 	    9.63079e+00
   5.09589e+00 	    9.68448e+00
   5.13689e+00 	    9.73822e+00
   5.17823e+00 	    9.79200e+00
   5.21990e+00 	    9.84581e+00
   5.26190e+00 	    9.89966e+00
   5.30424e+00 	    9.95353e+00
   5.34692e+00 	    1.00074e+01
   5.38994e+00 	    1.00614e+01
   5.43331e+00 	    1.01153e+01
   5.47703e+00 	    1.01692e+01
   5.52111e+00 	    1.02232e+01
   5.56553e+00 	    1.02772e+01
   5.61032e+00 	    1.03311e+01
   5.65546e+00 	    1.03851e+01
   5.70097e+00 	    1.04391e+01
   5.74684e+00 	    1.04930e+01
   5.79308e+00 	    1.05469e+01
   5.83970e+00 	    1.06008e+01
   5.88669e+00 	    1.06547e+01
   5.93405e+00 	    1.07085e+01
   5.98180e+00 	    1.07624e+01
   6.02994e+00 	    1.08161e+01
   6.07846e+00 	    1.08699e+01
   6.12737e+00 	    1.09235e+01
   6.17667e+00 	    1.09772e+01
   6.22637e+00 	    1.10307e+01
   6.27647e+00 	    1.10843e+01
   6.32698e+00 	    1.11377e+01
   6.37789e+00 	    1.11911e+01
   6.42921e+00 	    1.12443e+01
   6.48094e+00 	    1.12975e+01
   6.53309e+00 	    1.13507e+01
   6.58566e+00 	    1.14037e+01
   6.63865e+00 	    1.14566e+01
   6.69207e+00 	    1.15094e+01
   6.74592e+00 	    1.15621e+01
   6.80020e+00 	    1.16147e+01
   6.85492e+00 	    1.16672e+01
   6.91008e+00 	    1.17196e+01
   6.96568e+00 	    1.17718e+01
   7.02173e+00 	    1.18238e+01
   7.07823e+00 	    1.18758e+01
   7.13519e+00 	    1.19276e+01
   7.19260e+00 	    1.19792e+01
   7.25048e+00 	    1.20306e+01
   7.30882e+00 	    1.20819e+01
   7.36763e+00 	    1.21331e+01
   7.42691e+00 	    1.21840e+01
   7.48667e+00 	    1.22348e+01
   7.54692e+00 	    1.22853e+01
   7.60764e+00 	    1.23357e+01
   7.66886e+00 	    1.23859e+01
   7.73057e+00 	    1.24359e+01
   7.79277e+00 	    1.24856e+01
   7.85548e+00 	    1.25352e+01
   7.91869e+00 	    1.25845e+01
   7.98240e+00 	    1.26336e+01
   8.04664e+00 	    1.26824e+01
   8.11138e+00 	    1.27310e+01
   8.17665e+00 	    1.27794e+01
   8.24245e+00 	    1.28275e+01
   8.30877e+00 	    1.28753e+01
   8.37563e+00 	    1.29229e+01
   8.44302e+00 	    1.29702e+01
   8.51096e+00 	    1.30172e+01
   8.57944e+00 	    1.30640e+01
   8.64848e+00 	    1.31104e+01
   8.71807e+00 	    1.31565e+01
   8.78822e+00 	    1.32023e+01
   8.85894e+00 	    1.32479e+01
   8.93022e+00 	    1.32930e+01
   9.00208e+00 	    1.33379e+01
   9.07451e+00 	    1.33824e+01
   9.14753e+00 	    1.34266e+01
   9.22114e+00 	    1.34704e+01
   9.29534e+00 	    1.35139e+01
   9.37013e+00 	    1.35570e+01
   9.44553e+00 	    1.35998e+01
   9.52154e+00 	    1.36422e+01
   9.59815e+00 	    1.36842e+01
   9.67538e+00 	    1.37258e+01
   9.75324e+00 	    1.37670e+01
   9.83172e+00 	    1.38078e+01
   9.91083e+00 	    1.38482e+01
   9.99058e+00 	    1.38882e+01
   1.00710e+01 	    1.39278e+01
   1.01520e+01 	    1.39669e+01
   1.02337e+01 	    1.40056e+01
   1.03160e+01 	    1.40438e+01
   1.03990e+01 	    1.40817e+01
   1.04827e+01 	    1.41190e+01
   1.05671e+01 	    1.41559e+01
   1.06521e+01 	    1.41923e+01
   1.07378e+01 	    1.42282e+01
   1.08242e+01 	    1.42636e+01
   1.09113e+01 	    1.42986e+01
   1.09991e+01 	    1.43330e+01
   1.10876e+01 	    1.43669e+01
   1.11768e+01 	    1.44003e+01
   1.12668e+01 	    1.44332e+01
   1.13574e+01 	    1.44655e+01
   1.14488e+01 	    1.44973e+01
   1.15409e+01 	    1.45285e+01
   1.16338e+01 	    1.45592e+01
   1.17274e+01 	    1.45893e+01
   1.18218e+01 	    1.46189e+01
   1.19169e+01 	    1.46479e+01
   1.20128e+01 	    1.46763e+01
   1.21095e+01 	    1.47041e+01
   1.22069e+01 	    1.47313e+01
   1.23051e+01 	    1.47579e+01
   1.24041e+01 	    1.47840e+01
   1.25040e+01 	    1.48094e+01
   1.26046e+01 	    1.48342e+01
   1.27060e+01 	    1.48583e+01
   1.28082e+01 	    1.48818e+01
   1.29113e+01 	    1.49047e+01
   1.30152e+01 	    1.49270e+01
   1.31199e+01 	    1.49486e+01
   1.32255e+01 	    1.49695e+01
   1.33319e+01 	    1.49898e+01
   1.34392e+01 	    1.50094e+01
   1.35473e+01 	    1.50283e+01
   1.36563e+01 	    1.50466e+01
   1.37662e+01 	    1.50641e+01
   1.38770e+01 	    1.50809e+01
   1.39887e+01 	    1.50971e+01
   1.41012e+01 	    1.51125e+01
   1.42147e+01 	    1.51272e+01
   1.43291e+01 	    1.51412e+01
   1.44444e+01 	    1.51544e+01
   1.45606e+01 	    1.51670e+01
   1.46777e+01 	    1.51787e+01
   1.47959e+01 	    1.51898e+01
   1.49149e+01 	    1.52001e+01
   1.50349e+01 	    1.52096e+01
   1.51559e+01 	    1.52184e+01
   1.52779e+01 	    1.52264e+01
   1.54008e+01 	    1.52337e+01
   1.55247e+01 	    1.52401e+01
   1.56496e+01 	    1.52458e+01
   1.57756e+01 	    1.52508e+01
   1.59025e+01 	    1.52549e+01
   1.60305e+01 	    1.52583e+01
   1.61595e+01 	    1.52608e+01
   1.62895e+01 	    1.52626e+01
   1.64206e+01 	    1.52636e+01
   1.65527e+01 	    1.52637e+01
   1.66859e+01 	    1.52631e+01
   1.68201e+01 	    1.52616e+01
   1.69555e+01 	    1.52593e+01
   1.70919e+01 	    1.52562e+01
   1.72295e+01 	    1.52523e+01
   1.73681e+01 	    1.52475e+01
   1.75078e+01 	    1.52418e+01
   1.76487e+01 	    1.52354e+01
   1.77907e+01 	    1.52281e+01
   1.79339e+01 	    1.52199e+01
   1.80782e+01 	    1.52109e+01
   1.82237e+01 	    1.52010e+01
   1.83703e+01 	    1.51902e+01
   1.85181e+01 	    1.51786e+01
   1.86671e+01 	    1.51662e+01
   1.88173e+01 	    1.51528e+01
   1.89688e+01 	    1.51386e+01
   1.91214e+01 	    1.51236e+01
   1.92752e+01 	    1.51076e+01
   1.94303e+01 	    1.50908e+01
   1.95867e+01 	    1.50731e+01
   1.97443e+01 	    1.50546e+01
   1.99032e+01 	    1.50351e+01
   2.00633e+01 	    1.50148e+01
   2.02248e+01 	    1.49936e+01
   2.03875e+01 	    1.49715e+01
   2.05516e+01 	    1.49486e+01
   2.07169e+01 	    1.49247e+01
   2.08836e+01 	    1.49000e+01
   2.10517e+01 	    1.48743e+01
   2.12211e+01 	    1.48478e+01
   2.13918e+01 	    1.48204e+01
   2.15640e+01 	    1.47920e+01
   2.17375e+01 	    1.47628e+01
   2.19124e+01 	    1.47326e+01
   2.20887e+01 	    1.47016e+01
   2.22664e+01 	    1.46696e+01
   2.24456e+01 	    1.46367e+01
   2.26262e+01 	    1.46028e+01
   2.28083e+01 	    1.45681e+01
   2.29918e+01 	    1.45324e+01
   2.31768e+01 	    1.44958e+01
   2.33633e+01 	    1.44584e+01
   2.35513e+01 	    1.44200e+01
   2.37408e+01 	    1.43807e+01
   2.39318e+01 	    1.43405e+01
   2.41244e+01 	    1.42994e+01
   2.43185e+01 	    1.42574e+01
   2.45142e+01 	    1.42145e+01
   2.47115e+01 	    1.41708e+01
   2.49103e+01 	    1.41262e+01
   2.51108e+01 	    1.40807e+01
   2.53128e+01 	    1.40343e+01
   2.55165e+01 	    1.39870e+01
   2.57218e+01 	    1.39389e+01
   2.59288e+01 	    1.38899e+01
   2.61374e+01 	    1.38401e+01
   2.63477e+01 	    1.37894e+01
   2.65598e+01 	    1.37378e+01
   2.67735e+01 	    1.36854e+01
   2.69889e+01 	    1.36321e+01
   2.72061e+01 	    1.35780e+01
   2.74250e+01 	    1.35230e+01
   2.76457e+01 	    1.34672e+01
   2.78681e+01 	    1.34105e+01
   2.80924e+01 	    1.33529e+01
   2.83184e+01 	    1.32945e+01
   2.85463e+01 	    1.32353e+01
   2.87760e+01 	    1.31752e+01
   2.90075e+01 	    1.31143e+01
   2.92409e+01 	    1.30526e+01
   2.94762e+01 	    1.29901e+01
   2.97134e+01 	    1.29267e+01
   2.99525e+01 	    1.28626e+01
   3.01935e+01 	    1.27978e+01
   3.04365e+01 	    1.27321e+01
   3.06814e+01 	    1.26657e+01
   3.09283e+01 	    1.25985e+01
   3.11771e+01 	    1.25306e+01
   3.14280e+01 	    1.24620e+01
   3.16809e+01 	    1.23926e+01
   3.19358e+01 	    1.23225e+01
   3.21928e+01 	    1.22517e+01
   3.24518e+01 	    1.21802e+01
   3.27129e+01 	    1.21080e+01
   3.29762e+01 	    1.20351e+01
   3.32415e+01 	    1.19615e+01
   3.35090e+01 	    1.18873e+01
   3.37786e+01 	    1.18124e+01
   3.40504e+01 	    1.17368e+01
   3.43244e+01 	    1.16605e+01
   3.46006e+01 	    1.15835e+01
   3.48790e+01 	    1.15059e+01
   3.51597e+01 	    1.14277e+01
   3.54426e+01 	    1.13487e+01
   3.57278e+01 	    1.12691e+01
   3.60153e+01 	    1.11888e+01
   3.63051e+01 	    1.11080e+01
   3.65972e+01 	    1.10265e+01
   3.68917e+01 	    1.09444e+01
   3.71886e+01 	    1.08618e+01
   3.74878e+01 	    1.07786e+01
   3.77894e+01 	    1.06949e+01
   3.80935e+01 	    1.06106e+01
   3.84000e+01 	    1.05259e+01
   3.87090e+01 	    1.04406e+01
   3.90205e+01 	    1.03550e+01
   3.93345e+01 	    1.02688e+01
   3.96510e+01 	    1.01823e+01
   3.99701e+01 	    1.00953e+01
   4.02917e+01 	    1.00079e+01
   4.06159e+01 	    9.92018e+00
   4.09427e+01 	    9.83207e+00
   4.12722e+01 	    9.74360e+00
   4.16043e+01 	    9.65480e+00
   4.19390e+01 	    9.56568e+00
   4.22765e+01 	    9.47624e+00
   4.26167e+01 	    9.38651e+00
   4.29596e+01 	    9.29648e+00
   4.33053e+01 	    9.20618e+00
   4.36537e+01 	    9.11560e+00
   4.40050e+01 	    9.02477e+00
   4.43591e+01 	    8.93367e+00
   4.47160e+01 	    8.84232e+00
   4.50758e+01 	    8.75074e+00
   4.54385e+01 	    8.65894e+00
   4.58042e+01 	    8.56695e+00
   4.61727e+01 	    8.47478e+00
   4.65443e+01 	    8.38246e+00
   4.69188e+01 	    8.29001e+00
   4.72963e+01 	    8.19743e+00
   4.76769e+01 	    8.10476e+00
   4.80605e+01 	    8.01201e+00
   4.84473e+01 	    7.91919e+00
   4.88371e+01 	    7.82632e+00
   4.92301e+01 	    7.73342e+00
   4.96262e+01 	    7.64049e+00
   5.00255e+01 	    7.54755e+00
   5.04280e+01 	    7.45461e+00
   5.08338e+01 	    7.36168e+00
   5.12429e+01 	    7.26876e+00
   5.16552e+01 	    7.17587e+00
   5.20708e+01 	    7.08301e+00
   5.24898e+01 	    6.99017e+00
   5.29122e+01 	    6.89737e+00
   5.33380e+01 	    6.80459e+00
   5.37671e+01 	    6.71184e+00
   5.41998e+01 	    6.61911e+00
   5.46359e+01 	    6.52639e+00
   5.50755e+01 	    6.43366e+00
   5.55187e+01 	    6.34093e+00
   5.59654e+01 	    6.24816e+00
   5.64158e+01 	    6.15560e+00
   5.68697e+01 	    6.06362e+00
   5.73273e+01 	    5.97225e+00
   5.77886e+01 	    5.88150e+00
   5.82536e+01 	    5.79140e+00
   5.87224e+01 	    5.70192e+00
   5.91949e+01 	    5.61307e+00
   5.96712e+01 	    5.52480e+00
   6.01514e+01 	    5.43707e+00
   6.06354e+01 	    5.34981e+00
   6.11233e+01 	    5.26293e+00
   6.16151e+01 	    5.17632e+00
   6.21109e+01 	    5.08998e+00
   6.26107e+01 	    5.00398e+00
   6.31145e+01 	    4.91837e+00
   6.36223e+01 	    4.83322e+00
   6.41343e+01 	    4.74858e+00
   6.46503e+01 	    4.66451e+00
   6.51706e+01 	    4.58104e+00
   6.56950e+01 	    4.49822e+00
   6.62236e+01 	    4.41607e+00
   6.67564e+01 	    4.33461e+00
   6.72936e+01 	    4.25388e+00
   6.78351e+01 	    4.17395e+00
   6.83809e+01 	    4.09490e+00
   6.89312e+01 	    4.01680e+00
   6.94858e+01 	    3.93972e+00
   7.00450e+01 	    3.86371e+00
   7.06086e+01 	    3.78885e+00
   7.11767e+01 	    3.71517e+00
   7.17495e+01 	    3.64272e+00
   7.23268e+01 	    3.57153e+00
   7.29088e+01 	    3.50174e+00
   7.34954e+01 	    3.43354e+00
   7.40868e+01 	    3.36711e+00
   7.46830e+01 	    3.30266e+00
   7.52839e+01 	    3.24041e+00
   7.58897e+01 	    3.18057e+00
   7.65004e+01 	    3.12337e+00
   7.71159e+01 	    3.06904e+00
   7.77364e+01 	    3.01785e+00
   7.83620e+01 	    2.97019e+00
   7.89925e+01 	    2.92659e+00
   7.96281e+01 	    2.88757e+00
   8.02689e+01 	    2.85372e+00
   8.09147e+01 	    2.82564e+00
   8.15658e+01 	    2.80401e+00
   8.22222e+01 	    2.78951e+00
   8.28838e+01 	    2.78289e+00
   8.35507e+01 	    2.78508e+00
   8.42230e+01 	    2.79717e+00
   8.49007e+01 	    2.82034e+00
   8.55839e+01 	    2.85587e+00
   8.62725e+01 	    2.90511e+00
   8.69667e+01 	    2.96953e+00
   8.76665e+01 	    3.05070e+00
   8.83719e+01 	    3.15022e+00
   8.90830e+01 	    3.26915e+00
   8.97998e+01 	    3.40823e+00
   9.05224e+01 	    3.56816e+00
   9.12508e+01 	    3.74967e+00
   9.19851e+01 	    3.95346e+00
   9.27252e+01 	    4.18025e+00
   9.34713e+01 	    4.43065e+00
   9.42235e+01 	    4.70306e+00
   9.49817e+01 	    4.99260e+00
   9.57459e+01 	    5.29355e+00
   9.65164e+01 	    5.59949e+00
   9.72930e+01 	    5.90322e+00
   9.80759e+01 	    6.19672e+00
   9.88650e+01 	    6.47115e+00
   9.96606e+01 	    6.71795e+00
   1.00462e+02 	    6.92902e+00
   1.01271e+02 	    7.09558e+00
   1.02086e+02 	    7.20798e+00
   1.02907e+02 	    7.25575e+00
   1.03735e+02 	    7.22745e+00
   1.04570e+02 	    7.11314e+00
   1.05411e+02 	    6.91469e+00
   1.06260e+02 	    6.63855e+00
   1.07115e+02 	    6.29228e+00
   1.07977e+02 	    5.88465e+00
   1.08845e+02 	    5.42576e+00
   1.09721e+02 	    4.92680e+00
   1.10604e+02 	    4.39760e+00
   1.11494e+02 	    3.84754e+00
   1.12391e+02 	    3.28713e+00
   1.13296e+02 	    2.72816e+00
   1.14207e+02 	    2.18372e+00
   1.15126e+02 	    1.66722e+00
   1.16053e+02 	    1.18399e+00
   1.16986e+02 	    7.35088e-01
   1.17928e+02 	    3.21468e-01
   1.18877e+02 	   -5.60122e-02
   1.19833e+02 	   -3.96602e-01
   1.20797e+02 	   -7.00153e-01
   1.21769e+02 	   -9.68123e-01
   1.22749e+02 	   -1.20260e+00
   1.23737e+02 	   -1.40609e+00
   1.24733e+02 	   -1.58158e+00
   1.25736e+02 	   -1.73242e+00
   1.26748e+02 	   -1.86091e+00
   1.27768e+02 	   -1.96884e+00
   1.28796e+02 	   -2.05828e+00
   1.29832e+02 	   -2.13165e+00
   1.30877e+02 	   -2.19170e+00
   1.31930e+02 	   -2.24042e+00
   1.32992e+02 	   -2.27892e+00
   1.34062e+02 	   -2.30848e+00
   1.35141e+02 	   -2.33056e+00
   1.36228e+02 	   -2.34679e+00
   1.37324e+02 	   -2.35834e+00
   1.38429e+02 	   -2.36589e+00
   1.39543e+02 	   -2.37017e+00
   1.40666e+02 	   -2.37203e+00
   1.41798e+02 	   -2.37237e+00
   1.42939e+02 	   -2.37171e+00
   1.44089e+02 	   -2.37035e+00
   1.45248e+02 	   -2.36864e+00
   1.46417e+02 	   -2.36697e+00
   1.47595e+02 	   -2.36567e+00
   1.48783e+02 	   -2.36491e+00
   1.49980e+02 	   -2.36481e+00
   1.51187e+02 	   -2.36553e+00
   1.52404e+02 	   -2.36719e+00
   1.53630e+02 	   -2.36987e+00
   1.54866e+02 	   -2.37356e+00
   1.56112e+02 	   -2.37824e+00
   1.57368e+02 	   -2.38390e+00
   1.58635e+02 	   -2.39049e+00
   1.59911e+02 	   -2.39789e+00
   1.61198e+02 	   -2.40599e+00
   1.62495e+02 	   -2.41462e+00
   1.63803e+02 	   -2.42367e+00
   1.65121e+02 	   -2.43302e+00
   1.66449e+02 	   -2.44256e+00
   1.67789e+02 	   -2.45218e+00
   1.69139e+02 	   -2.46173e+00
   1.70500e+02 	   -2.47110e+00
   1.71872e+02 	   -2.48015e+00
   1.73255e+02 	   -2.48872e+00
   1.74649e+02 	   -2.49666e+00
   1.76054e+02 	   -2.50389e+00
   1.77471e+02 	   -2.51029e+00
   1.78899e+02 	   -2.51575e+00
   1.80338e+02 	   -2.52017e+00
   1.81789e+02 	   -2.52352e+00
   1.83252e+02 	   -2.52573e+00
   1.84727e+02 	   -2.52677e+00
   1.86213e+02 	   -2.52668e+00
   1.87711e+02 	   -2.52556e+00
   1.89222e+02 	   -2.52354e+00
   1.90745e+02 	   -2.52075e+00
   1.92279e+02 	   -2.51737e+00
   1.93827e+02 	   -2.51361e+00
   1.95386e+02 	   -2.50968e+00
   1.96958e+02 	   -2.50573e+00
   1.98543e+02 	   -2.50188e+00
   2.00141e+02 	   -2.49824e+00
   2.01751e+02 	   -2.49485e+00
   2.03375e+02 	   -2.49164e+00
   2.05011e+02 	   -2.48852e+00
   2.06661e+02 	   -2.48507e+00
   2.08324e+02 	   -2.48004e+00
   2.10000e+02 	   -2.47196e+00
