#Omega_b = 0.050000
#Omega_m = 0.300000
#Omega_de = 0.680000
#hubble = 0.700000
#w0 = -0.800000
#wa = 0.200000
#sigma8 = 0.800000
#n_s = 0.960000
#
#R    R*R*xi_LIN(R) ;; R is in h^-1 Mpc,   R*R*xi_NONLIN(R) is in (h^-1 Mpc)^2.  
   7.00000e-02 	    3.89287e+00
   7.05633e-02 	    3.92602e+00
   7.11311e-02 	    3.95942e+00
   7.17034e-02 	    3.99308e+00
   7.22804e-02 	    4.02698e+00
   7.28620e-02 	    4.06114e+00
   7.34483e-02 	    4.09556e+00
   7.40393e-02 	    4.13023e+00
   7.46351e-02 	    4.16516e+00
   7.52356e-02 	    4.20035e+00
   7.58410e-02 	    4.23579e+00
   7.64513e-02 	    4.27150e+00
   7.70664e-02 	    4.30747e+00
   7.76866e-02 	    4.34370e+00
   7.83117e-02 	    4.38020e+00
   7.89418e-02 	    4.41696e+00
   7.95770e-02 	    4.45399e+00
   8.02173e-02 	    4.49128e+00
   8.08628e-02 	    4.52885e+00
   8.15135e-02 	    4.56668e+00
   8.21694e-02 	    4.60477e+00
   8.28306e-02 	    4.64314e+00
   8.34971e-02 	    4.68178e+00
   8.41689e-02 	    4.72069e+00
   8.48462e-02 	    4.75988e+00
   8.55289e-02 	    4.79933e+00
   8.62172e-02 	    4.83906e+00
   8.69109e-02 	    4.87906e+00
   8.76102e-02 	    4.91933e+00
   8.83152e-02 	    4.95988e+00
   8.90258e-02 	    5.00070e+00
   8.97422e-02 	    5.04180e+00
   9.04643e-02 	    5.08318e+00
   9.11922e-02 	    5.12483e+00
   9.19260e-02 	    5.16676e+00
   9.26657e-02 	    5.20897e+00
   9.34114e-02 	    5.25147e+00
   9.41630e-02 	    5.29424e+00
   9.49207e-02 	    5.33730e+00
   9.56845e-02 	    5.38064e+00
   9.64544e-02 	    5.42426e+00
   9.72305e-02 	    5.46817e+00
   9.80129e-02 	    5.51237e+00
   9.88016e-02 	    5.55686e+00
   9.95966e-02 	    5.60163e+00
   1.00398e-01 	    5.64670e+00
   1.01206e-01 	    5.69205e+00
   1.02020e-01 	    5.73770e+00
   1.02841e-01 	    5.78364e+00
   1.03669e-01 	    5.82987e+00
   1.04503e-01 	    5.87640e+00
   1.05344e-01 	    5.92322e+00
   1.06191e-01 	    5.97034e+00
   1.07046e-01 	    6.01775e+00
   1.07907e-01 	    6.06546e+00
   1.08776e-01 	    6.11347e+00
   1.09651e-01 	    6.16177e+00
   1.10533e-01 	    6.21038e+00
   1.11423e-01 	    6.25928e+00
   1.12319e-01 	    6.30849e+00
   1.13223e-01 	    6.35799e+00
   1.14134e-01 	    6.40780e+00
   1.15052e-01 	    6.45791e+00
   1.15978e-01 	    6.50832e+00
   1.16911e-01 	    6.55903e+00
   1.17852e-01 	    6.61005e+00
   1.18800e-01 	    6.66138e+00
   1.19756e-01 	    6.71300e+00
   1.20720e-01 	    6.76493e+00
   1.21691e-01 	    6.81717e+00
   1.22671e-01 	    6.86971e+00
   1.23658e-01 	    6.92256e+00
   1.24653e-01 	    6.97572e+00
   1.25656e-01 	    7.02918e+00
   1.26667e-01 	    7.08294e+00
   1.27686e-01 	    7.13702e+00
   1.28713e-01 	    7.19140e+00
   1.29749e-01 	    7.24608e+00
   1.30793e-01 	    7.30108e+00
   1.31846e-01 	    7.35638e+00
   1.32906e-01 	    7.41198e+00
   1.33976e-01 	    7.46789e+00
   1.35054e-01 	    7.52411e+00
   1.36141e-01 	    7.58063e+00
   1.37236e-01 	    7.63746e+00
   1.38340e-01 	    7.69459e+00
   1.39454e-01 	    7.75202e+00
   1.40576e-01 	    7.80976e+00
   1.41707e-01 	    7.86781e+00
   1.42847e-01 	    7.92615e+00
   1.43997e-01 	    7.98480e+00
   1.45155e-01 	    8.04375e+00
   1.46323e-01 	    8.10300e+00
   1.47501e-01 	    8.16255e+00
   1.48688e-01 	    8.22240e+00
   1.49884e-01 	    8.28256e+00
   1.51090e-01 	    8.34301e+00
   1.52306e-01 	    8.40377e+00
   1.53531e-01 	    8.46482e+00
   1.54767e-01 	    8.52617e+00
   1.56012e-01 	    8.58782e+00
   1.57267e-01 	    8.64976e+00
   1.58533e-01 	    8.71200e+00
   1.59809e-01 	    8.77453e+00
   1.61094e-01 	    8.83736e+00
   1.62391e-01 	    8.90047e+00
   1.63697e-01 	    8.96388e+00
   1.65015e-01 	    9.02758e+00
   1.66342e-01 	    9.09157e+00
   1.67681e-01 	    9.15585e+00
   1.69030e-01 	    9.22041e+00
   1.70390e-01 	    9.28525e+00
   1.71761e-01 	    9.35038e+00
   1.73143e-01 	    9.41579e+00
   1.74537e-01 	    9.48147e+00
   1.75941e-01 	    9.54744e+00
   1.77357e-01 	    9.61367e+00
   1.78784e-01 	    9.68019e+00
   1.80223e-01 	    9.74697e+00
   1.81673e-01 	    9.81402e+00
   1.83135e-01 	    9.88135e+00
   1.84608e-01 	    9.94894e+00
   1.86094e-01 	    1.00168e+01
   1.87591e-01 	    1.00849e+01
   1.89100e-01 	    1.01533e+01
   1.90622e-01 	    1.02219e+01
   1.92156e-01 	    1.02908e+01
   1.93702e-01 	    1.03600e+01
   1.95261e-01 	    1.04294e+01
   1.96832e-01 	    1.04990e+01
   1.98416e-01 	    1.05689e+01
   2.00012e-01 	    1.06391e+01
   2.01622e-01 	    1.07095e+01
   2.03244e-01 	    1.07801e+01
   2.04880e-01 	    1.08510e+01
   2.06528e-01 	    1.09221e+01
   2.08190e-01 	    1.09934e+01
   2.09865e-01 	    1.10650e+01
   2.11554e-01 	    1.11367e+01
   2.13256e-01 	    1.12088e+01
   2.14972e-01 	    1.12810e+01
   2.16702e-01 	    1.13534e+01
   2.18446e-01 	    1.14261e+01
   2.20203e-01 	    1.14990e+01
   2.21975e-01 	    1.15720e+01
   2.23761e-01 	    1.16453e+01
   2.25562e-01 	    1.17188e+01
   2.27377e-01 	    1.17924e+01
   2.29207e-01 	    1.18663e+01
   2.31051e-01 	    1.19403e+01
   2.32910e-01 	    1.20146e+01
   2.34784e-01 	    1.20890e+01
   2.36673e-01 	    1.21635e+01
   2.38578e-01 	    1.22383e+01
   2.40498e-01 	    1.23132e+01
   2.42433e-01 	    1.23883e+01
   2.44384e-01 	    1.24635e+01
   2.46350e-01 	    1.25390e+01
   2.48332e-01 	    1.26145e+01
   2.50330e-01 	    1.26902e+01
   2.52345e-01 	    1.27660e+01
   2.54375e-01 	    1.28420e+01
   2.56422e-01 	    1.29181e+01
   2.58485e-01 	    1.29944e+01
   2.60565e-01 	    1.30707e+01
   2.62662e-01 	    1.31472e+01
   2.64776e-01 	    1.32238e+01
   2.66906e-01 	    1.33005e+01
   2.69054e-01 	    1.33773e+01
   2.71219e-01 	    1.34542e+01
   2.73401e-01 	    1.35312e+01
   2.75601e-01 	    1.36082e+01
   2.77819e-01 	    1.36854e+01
   2.80054e-01 	    1.37626e+01
   2.82308e-01 	    1.38399e+01
   2.84579e-01 	    1.39172e+01
   2.86869e-01 	    1.39946e+01
   2.89178e-01 	    1.40720e+01
   2.91504e-01 	    1.41495e+01
   2.93850e-01 	    1.42271e+01
   2.96215e-01 	    1.43046e+01
   2.98598e-01 	    1.43822e+01
   3.01001e-01 	    1.44598e+01
   3.03423e-01 	    1.45374e+01
   3.05864e-01 	    1.46150e+01
   3.08325e-01 	    1.46926e+01
   3.10806e-01 	    1.47702e+01
   3.13307e-01 	    1.48478e+01
   3.15828e-01 	    1.49254e+01
   3.18370e-01 	    1.50030e+01
   3.20932e-01 	    1.50805e+01
   3.23514e-01 	    1.51579e+01
   3.26117e-01 	    1.52354e+01
   3.28741e-01 	    1.53127e+01
   3.31386e-01 	    1.53900e+01
   3.34053e-01 	    1.54673e+01
   3.36741e-01 	    1.55444e+01
   3.39451e-01 	    1.56215e+01
   3.42182e-01 	    1.56985e+01
   3.44935e-01 	    1.57753e+01
   3.47711e-01 	    1.58521e+01
   3.50509e-01 	    1.59287e+01
   3.53329e-01 	    1.60052e+01
   3.56172e-01 	    1.60816e+01
   3.59038e-01 	    1.61579e+01
   3.61927e-01 	    1.62339e+01
   3.64840e-01 	    1.63098e+01
   3.67775e-01 	    1.63856e+01
   3.70735e-01 	    1.64612e+01
   3.73718e-01 	    1.65366e+01
   3.76725e-01 	    1.66118e+01
   3.79756e-01 	    1.66868e+01
   3.82812e-01 	    1.67616e+01
   3.85892e-01 	    1.68361e+01
   3.88998e-01 	    1.69105e+01
   3.92128e-01 	    1.69846e+01
   3.95283e-01 	    1.70585e+01
   3.98464e-01 	    1.71321e+01
   4.01670e-01 	    1.72055e+01
   4.04902e-01 	    1.72785e+01
   4.08160e-01 	    1.73514e+01
   4.11444e-01 	    1.74239e+01
   4.14755e-01 	    1.74961e+01
   4.18092e-01 	    1.75680e+01
   4.21457e-01 	    1.76396e+01
   4.24848e-01 	    1.77109e+01
   4.28266e-01 	    1.77818e+01
   4.31713e-01 	    1.78524e+01
   4.35186e-01 	    1.79226e+01
   4.38688e-01 	    1.79925e+01
   4.42218e-01 	    1.80620e+01
   4.45776e-01 	    1.81311e+01
   4.49363e-01 	    1.81998e+01
   4.52979e-01 	    1.82681e+01
   4.56624e-01 	    1.83360e+01
   4.60298e-01 	    1.84035e+01
   4.64002e-01 	    1.84705e+01
   4.67736e-01 	    1.85371e+01
   4.71500e-01 	    1.86032e+01
   4.75294e-01 	    1.86689e+01
   4.79118e-01 	    1.87341e+01
   4.82973e-01 	    1.87989e+01
   4.86860e-01 	    1.88631e+01
   4.90777e-01 	    1.89268e+01
   4.94726e-01 	    1.89901e+01
   4.98707e-01 	    1.90528e+01
   5.02720e-01 	    1.91150e+01
   5.06765e-01 	    1.91766e+01
   5.10843e-01 	    1.92377e+01
   5.14953e-01 	    1.92983e+01
   5.19097e-01 	    1.93583e+01
   5.23274e-01 	    1.94177e+01
   5.27485e-01 	    1.94765e+01
   5.31729e-01 	    1.95347e+01
   5.36008e-01 	    1.95923e+01
   5.40321e-01 	    1.96493e+01
   5.44668e-01 	    1.97057e+01
   5.49051e-01 	    1.97614e+01
   5.53469e-01 	    1.98165e+01
   5.57923e-01 	    1.98710e+01
   5.62412e-01 	    1.99247e+01
   5.66937e-01 	    1.99778e+01
   5.71499e-01 	    2.00302e+01
   5.76098e-01 	    2.00820e+01
   5.80734e-01 	    2.01330e+01
   5.85406e-01 	    2.01833e+01
   5.90117e-01 	    2.02329e+01
   5.94865e-01 	    2.02818e+01
   5.99652e-01 	    2.03299e+01
   6.04477e-01 	    2.03773e+01
   6.09341e-01 	    2.04239e+01
   6.14244e-01 	    2.04698e+01
   6.19187e-01 	    2.05149e+01
   6.24169e-01 	    2.05592e+01
   6.29192e-01 	    2.06028e+01
   6.34254e-01 	    2.06456e+01
   6.39358e-01 	    2.06875e+01
   6.44503e-01 	    2.07287e+01
   6.49689e-01 	    2.07690e+01
   6.54917e-01 	    2.08085e+01
   6.60186e-01 	    2.08472e+01
   6.65499e-01 	    2.08850e+01
   6.70854e-01 	    2.09220e+01
   6.76252e-01 	    2.09581e+01
   6.81693e-01 	    2.09934e+01
   6.87179e-01 	    2.10278e+01
   6.92708e-01 	    2.10613e+01
   6.98282e-01 	    2.10940e+01
   7.03901e-01 	    2.11257e+01
   7.09565e-01 	    2.11566e+01
   7.15274e-01 	    2.11865e+01
   7.21030e-01 	    2.12156e+01
   7.26832e-01 	    2.12437e+01
   7.32680e-01 	    2.12709e+01
   7.38576e-01 	    2.12972e+01
   7.44519e-01 	    2.13226e+01
   7.50509e-01 	    2.13470e+01
   7.56549e-01 	    2.13705e+01
   7.62636e-01 	    2.13930e+01
   7.68773e-01 	    2.14147e+01
   7.74959e-01 	    2.14353e+01
   7.81195e-01 	    2.14551e+01
   7.87480e-01 	    2.14738e+01
   7.93817e-01 	    2.14917e+01
   8.00205e-01 	    2.15085e+01
   8.06643e-01 	    2.15244e+01
   8.13134e-01 	    2.15394e+01
   8.19677e-01 	    2.15534e+01
   8.26273e-01 	    2.15664e+01
   8.32921e-01 	    2.15785e+01
   8.39624e-01 	    2.15896e+01
   8.46380e-01 	    2.15997e+01
   8.53190e-01 	    2.16089e+01
   8.60055e-01 	    2.16171e+01
   8.66976e-01 	    2.16243e+01
   8.73952e-01 	    2.16305e+01
   8.80984e-01 	    2.16358e+01
   8.88073e-01 	    2.16401e+01
   8.95219e-01 	    2.16435e+01
   9.02423e-01 	    2.16458e+01
   9.09684e-01 	    2.16472e+01
   9.17004e-01 	    2.16477e+01
   9.24383e-01 	    2.16472e+01
   9.31821e-01 	    2.16457e+01
   9.39319e-01 	    2.16433e+01
   9.46877e-01 	    2.16399e+01
   9.54496e-01 	    2.16356e+01
   9.62177e-01 	    2.16303e+01
   9.69919e-01 	    2.16241e+01
   9.77723e-01 	    2.16170e+01
   9.85591e-01 	    2.16089e+01
   9.93521e-01 	    2.15999e+01
   1.00152e+00 	    2.15900e+01
   1.00957e+00 	    2.15792e+01
   1.01770e+00 	    2.15675e+01
   1.02589e+00 	    2.15548e+01
   1.03414e+00 	    2.15413e+01
   1.04246e+00 	    2.15269e+01
   1.05085e+00 	    2.15116e+01
   1.05931e+00 	    2.14954e+01
   1.06783e+00 	    2.14783e+01
   1.07642e+00 	    2.14604e+01
   1.08509e+00 	    2.14416e+01
   1.09382e+00 	    2.14220e+01
   1.10262e+00 	    2.14015e+01
   1.11149e+00 	    2.13801e+01
   1.12043e+00 	    2.13579e+01
   1.12945e+00 	    2.13349e+01
   1.13854e+00 	    2.13111e+01
   1.14770e+00 	    2.12865e+01
   1.15693e+00 	    2.12611e+01
   1.16624e+00 	    2.12349e+01
   1.17563e+00 	    2.12080e+01
   1.18509e+00 	    2.11803e+01
   1.19462e+00 	    2.11520e+01
   1.20424e+00 	    2.11229e+01
   1.21393e+00 	    2.10932e+01
   1.22369e+00 	    2.10628e+01
   1.23354e+00 	    2.10317e+01
   1.24347e+00 	    2.10000e+01
   1.25347e+00 	    2.09677e+01
   1.26356e+00 	    2.09348e+01
   1.27373e+00 	    2.09014e+01
   1.28397e+00 	    2.08674e+01
   1.29431e+00 	    2.08329e+01
   1.30472e+00 	    2.07978e+01
   1.31522e+00 	    2.07623e+01
   1.32580e+00 	    2.07263e+01
   1.33647e+00 	    2.06898e+01
   1.34722e+00 	    2.06529e+01
   1.35807e+00 	    2.06156e+01
   1.36899e+00 	    2.05779e+01
   1.38001e+00 	    2.05398e+01
   1.39111e+00 	    2.05014e+01
   1.40231e+00 	    2.04627e+01
   1.41359e+00 	    2.04236e+01
   1.42497e+00 	    2.03842e+01
   1.43643e+00 	    2.03446e+01
   1.44799e+00 	    2.03047e+01
   1.45964e+00 	    2.02646e+01
   1.47139e+00 	    2.02243e+01
   1.48323e+00 	    2.01839e+01
   1.49516e+00 	    2.01433e+01
   1.50719e+00 	    2.01026e+01
   1.51932e+00 	    2.00618e+01
   1.53154e+00 	    2.00209e+01
   1.54387e+00 	    1.99799e+01
   1.55629e+00 	    1.99390e+01
   1.56881e+00 	    1.98980e+01
   1.58144e+00 	    1.98571e+01
   1.59416e+00 	    1.98162e+01
   1.60699e+00 	    1.97754e+01
   1.61992e+00 	    1.97346e+01
   1.63296e+00 	    1.96940e+01
   1.64610e+00 	    1.96534e+01
   1.65934e+00 	    1.96130e+01
   1.67269e+00 	    1.95728e+01
   1.68615e+00 	    1.95327e+01
   1.69972e+00 	    1.94928e+01
   1.71340e+00 	    1.94531e+01
   1.72718e+00 	    1.94135e+01
   1.74108e+00 	    1.93742e+01
   1.75509e+00 	    1.93351e+01
   1.76921e+00 	    1.92962e+01
   1.78345e+00 	    1.92576e+01
   1.79780e+00 	    1.92192e+01
   1.81227e+00 	    1.91811e+01
   1.82685e+00 	    1.91433e+01
   1.84155e+00 	    1.91059e+01
   1.85637e+00 	    1.90689e+01
   1.87131e+00 	    1.90323e+01
   1.88636e+00 	    1.89962e+01
   1.90154e+00 	    1.89606e+01
   1.91684e+00 	    1.89255e+01
   1.93227e+00 	    1.88910e+01
   1.94782e+00 	    1.88570e+01
   1.96349e+00 	    1.88237e+01
   1.97929e+00 	    1.87910e+01
   1.99521e+00 	    1.87589e+01
   2.01127e+00 	    1.87276e+01
   2.02745e+00 	    1.86969e+01
   2.04377e+00 	    1.86670e+01
   2.06021e+00 	    1.86379e+01
   2.07679e+00 	    1.86095e+01
   2.09350e+00 	    1.85819e+01
   2.11035e+00 	    1.85551e+01
   2.12733e+00 	    1.85292e+01
   2.14445e+00 	    1.85041e+01
   2.16170e+00 	    1.84798e+01
   2.17910e+00 	    1.84564e+01
   2.19663e+00 	    1.84338e+01
   2.21430e+00 	    1.84121e+01
   2.23212e+00 	    1.83913e+01
   2.25008e+00 	    1.83713e+01
   2.26819e+00 	    1.83522e+01
   2.28644e+00 	    1.83341e+01
   2.30484e+00 	    1.83170e+01
   2.32338e+00 	    1.83008e+01
   2.34208e+00 	    1.82857e+01
   2.36093e+00 	    1.82717e+01
   2.37992e+00 	    1.82587e+01
   2.39907e+00 	    1.82469e+01
   2.41838e+00 	    1.82362e+01
   2.43784e+00 	    1.82267e+01
   2.45745e+00 	    1.82183e+01
   2.47723e+00 	    1.82112e+01
   2.49716e+00 	    1.82052e+01
   2.51725e+00 	    1.82005e+01
   2.53751e+00 	    1.81971e+01
   2.55793e+00 	    1.81949e+01
   2.57851e+00 	    1.81939e+01
   2.59926e+00 	    1.81943e+01
   2.62017e+00 	    1.81959e+01
   2.64126e+00 	    1.81987e+01
   2.66251e+00 	    1.82028e+01
   2.68393e+00 	    1.82082e+01
   2.70553e+00 	    1.82148e+01
   2.72730e+00 	    1.82227e+01
   2.74925e+00 	    1.82317e+01
   2.77137e+00 	    1.82419e+01
   2.79367e+00 	    1.82533e+01
   2.81615e+00 	    1.82658e+01
   2.83881e+00 	    1.82794e+01
   2.86165e+00 	    1.82941e+01
   2.88468e+00 	    1.83101e+01
   2.90789e+00 	    1.83272e+01
   2.93129e+00 	    1.83456e+01
   2.95487e+00 	    1.83653e+01
   2.97865e+00 	    1.83862e+01
   3.00262e+00 	    1.84084e+01
   3.02678e+00 	    1.84319e+01
   3.05114e+00 	    1.84567e+01
   3.07569e+00 	    1.84828e+01
   3.10044e+00 	    1.85103e+01
   3.12538e+00 	    1.85392e+01
   3.15053e+00 	    1.85694e+01
   3.17588e+00 	    1.86009e+01
   3.20144e+00 	    1.86339e+01
   3.22720e+00 	    1.86682e+01
   3.25317e+00 	    1.87038e+01
   3.27934e+00 	    1.87408e+01
   3.30573e+00 	    1.87791e+01
   3.33233e+00 	    1.88188e+01
   3.35914e+00 	    1.88597e+01
   3.38617e+00 	    1.89020e+01
   3.41342e+00 	    1.89455e+01
   3.44089e+00 	    1.89902e+01
   3.46858e+00 	    1.90361e+01
   3.49649e+00 	    1.90831e+01
   3.52462e+00 	    1.91313e+01
   3.55298e+00 	    1.91805e+01
   3.58157e+00 	    1.92308e+01
   3.61039e+00 	    1.92822e+01
   3.63944e+00 	    1.93347e+01
   3.66873e+00 	    1.93883e+01
   3.69825e+00 	    1.94430e+01
   3.72801e+00 	    1.94989e+01
   3.75800e+00 	    1.95560e+01
   3.78824e+00 	    1.96142e+01
   3.81872e+00 	    1.96735e+01
   3.84945e+00 	    1.97341e+01
   3.88043e+00 	    1.97959e+01
   3.91165e+00 	    1.98588e+01
   3.94313e+00 	    1.99229e+01
   3.97486e+00 	    1.99882e+01
   4.00684e+00 	    2.00547e+01
   4.03908e+00 	    2.01223e+01
   4.07158e+00 	    2.01911e+01
   4.10434e+00 	    2.02610e+01
   4.13737e+00 	    2.03321e+01
   4.17066e+00 	    2.04043e+01
   4.20422e+00 	    2.04776e+01
   4.23805e+00 	    2.05520e+01
   4.27215e+00 	    2.06274e+01
   4.30653e+00 	    2.07038e+01
   4.34118e+00 	    2.07811e+01
   4.37611e+00 	    2.08595e+01
   4.41133e+00 	    2.09387e+01
   4.44682e+00 	    2.10187e+01
   4.48260e+00 	    2.10996e+01
   4.51867e+00 	    2.11812e+01
   4.55503e+00 	    2.12637e+01
   4.59169e+00 	    2.13471e+01
   4.62863e+00 	    2.14312e+01
   4.66588e+00 	    2.15162e+01
   4.70342e+00 	    2.16021e+01
   4.74127e+00 	    2.16887e+01
   4.77942e+00 	    2.17763e+01
   4.81788e+00 	    2.18647e+01
   4.85665e+00 	    2.19539e+01
   4.89573e+00 	    2.20439e+01
   4.93512e+00 	    2.21348e+01
   4.97483e+00 	    2.22266e+01
   5.01486e+00 	    2.23191e+01
   5.05521e+00 	    2.24125e+01
   5.09589e+00 	    2.25067e+01
   5.13689e+00 	    2.26016e+01
   5.17823e+00 	    2.26973e+01
   5.21990e+00 	    2.27938e+01
   5.26190e+00 	    2.28910e+01
   5.30424e+00 	    2.29889e+01
   5.34692e+00 	    2.30875e+01
   5.38994e+00 	    2.31868e+01
   5.43331e+00 	    2.32867e+01
   5.47703e+00 	    2.33872e+01
   5.52111e+00 	    2.34882e+01
   5.56553e+00 	    2.35898e+01
   5.61032e+00 	    2.36918e+01
   5.65546e+00 	    2.37943e+01
   5.70097e+00 	    2.38972e+01
   5.74684e+00 	    2.40006e+01
   5.79308e+00 	    2.41044e+01
   5.83970e+00 	    2.42087e+01
   5.88669e+00 	    2.43135e+01
   5.93405e+00 	    2.44186e+01
   5.98180e+00 	    2.45242e+01
   6.02994e+00 	    2.46302e+01
   6.07846e+00 	    2.47367e+01
   6.12737e+00 	    2.48435e+01
   6.17667e+00 	    2.49508e+01
   6.22637e+00 	    2.50584e+01
   6.27647e+00 	    2.51664e+01
   6.32698e+00 	    2.52747e+01
   6.37789e+00 	    2.53835e+01
   6.42921e+00 	    2.54925e+01
   6.48094e+00 	    2.56019e+01
   6.53309e+00 	    2.57115e+01
   6.58566e+00 	    2.58214e+01
   6.63865e+00 	    2.59316e+01
   6.69207e+00 	    2.60420e+01
   6.74592e+00 	    2.61526e+01
   6.80020e+00 	    2.62634e+01
   6.85492e+00 	    2.63743e+01
   6.91008e+00 	    2.64853e+01
   6.96568e+00 	    2.65964e+01
   7.02173e+00 	    2.67076e+01
   7.07823e+00 	    2.68187e+01
   7.13519e+00 	    2.69299e+01
   7.19260e+00 	    2.70410e+01
   7.25048e+00 	    2.71520e+01
   7.30882e+00 	    2.72631e+01
   7.36763e+00 	    2.73741e+01
   7.42691e+00 	    2.74850e+01
   7.48667e+00 	    2.75959e+01
   7.54692e+00 	    2.77066e+01
   7.60764e+00 	    2.78173e+01
   7.66886e+00 	    2.79279e+01
   7.73057e+00 	    2.80384e+01
   7.79277e+00 	    2.81487e+01
   7.85548e+00 	    2.82589e+01
   7.91869e+00 	    2.83689e+01
   7.98240e+00 	    2.84788e+01
   8.04664e+00 	    2.85884e+01
   8.11138e+00 	    2.86979e+01
   8.17665e+00 	    2.88071e+01
   8.24245e+00 	    2.89160e+01
   8.30877e+00 	    2.90247e+01
   8.37563e+00 	    2.91331e+01
   8.44302e+00 	    2.92412e+01
   8.51096e+00 	    2.93490e+01
   8.57944e+00 	    2.94564e+01
   8.64848e+00 	    2.95634e+01
   8.71807e+00 	    2.96700e+01
   8.78822e+00 	    2.97761e+01
   8.85894e+00 	    2.98818e+01
   8.93022e+00 	    2.99869e+01
   9.00208e+00 	    3.00916e+01
   9.07451e+00 	    3.01957e+01
   9.14753e+00 	    3.02993e+01
   9.22114e+00 	    3.04023e+01
   9.29534e+00 	    3.05047e+01
   9.37013e+00 	    3.06066e+01
   9.44553e+00 	    3.07078e+01
   9.52154e+00 	    3.08085e+01
   9.59815e+00 	    3.09085e+01
   9.67538e+00 	    3.10078e+01
   9.75324e+00 	    3.11065e+01
   9.83172e+00 	    3.12046e+01
   9.91083e+00 	    3.13019e+01
   9.99058e+00 	    3.13985e+01
   1.00710e+01 	    3.14945e+01
   1.01520e+01 	    3.15896e+01
   1.02337e+01 	    3.16840e+01
   1.03160e+01 	    3.17776e+01
   1.03990e+01 	    3.18705e+01
   1.04827e+01 	    3.19625e+01
   1.05671e+01 	    3.20536e+01
   1.06521e+01 	    3.21439e+01
   1.07378e+01 	    3.22333e+01
   1.08242e+01 	    3.23218e+01
   1.09113e+01 	    3.24094e+01
   1.09991e+01 	    3.24960e+01
   1.10876e+01 	    3.25817e+01
   1.11768e+01 	    3.26663e+01
   1.12668e+01 	    3.27499e+01
   1.13574e+01 	    3.28325e+01
   1.14488e+01 	    3.29140e+01
   1.15409e+01 	    3.29944e+01
   1.16338e+01 	    3.30738e+01
   1.17274e+01 	    3.31520e+01
   1.18218e+01 	    3.32291e+01
   1.19169e+01 	    3.33051e+01
   1.20128e+01 	    3.33800e+01
   1.21095e+01 	    3.34537e+01
   1.22069e+01 	    3.35262e+01
   1.23051e+01 	    3.35975e+01
   1.24041e+01 	    3.36676e+01
   1.25040e+01 	    3.37365e+01
   1.26046e+01 	    3.38041e+01
   1.27060e+01 	    3.38704e+01
   1.28082e+01 	    3.39355e+01
   1.29113e+01 	    3.39993e+01
   1.30152e+01 	    3.40618e+01
   1.31199e+01 	    3.41230e+01
   1.32255e+01 	    3.41828e+01
   1.33319e+01 	    3.42412e+01
   1.34392e+01 	    3.42982e+01
   1.35473e+01 	    3.43539e+01
   1.36563e+01 	    3.44081e+01
   1.37662e+01 	    3.44608e+01
   1.38770e+01 	    3.45121e+01
   1.39887e+01 	    3.45619e+01
   1.41012e+01 	    3.46102e+01
   1.42147e+01 	    3.46569e+01
   1.43291e+01 	    3.47022e+01
   1.44444e+01 	    3.47458e+01
   1.45606e+01 	    3.47879e+01
   1.46777e+01 	    3.48284e+01
   1.47959e+01 	    3.48673e+01
   1.49149e+01 	    3.49046e+01
   1.50349e+01 	    3.49403e+01
   1.51559e+01 	    3.49743e+01
   1.52779e+01 	    3.50067e+01
   1.54008e+01 	    3.50375e+01
   1.55247e+01 	    3.50665e+01
   1.56496e+01 	    3.50939e+01
   1.57756e+01 	    3.51196e+01
   1.59025e+01 	    3.51435e+01
   1.60305e+01 	    3.51657e+01
   1.61595e+01 	    3.51862e+01
   1.62895e+01 	    3.52049e+01
   1.64206e+01 	    3.52219e+01
   1.65527e+01 	    3.52370e+01
   1.66859e+01 	    3.52504e+01
   1.68201e+01 	    3.52619e+01
   1.69555e+01 	    3.52717e+01
   1.70919e+01 	    3.52795e+01
   1.72295e+01 	    3.52855e+01
   1.73681e+01 	    3.52896e+01
   1.75078e+01 	    3.52919e+01
   1.76487e+01 	    3.52922e+01
   1.77907e+01 	    3.52905e+01
   1.79339e+01 	    3.52870e+01
   1.80782e+01 	    3.52814e+01
   1.82237e+01 	    3.52740e+01
   1.83703e+01 	    3.52645e+01
   1.85181e+01 	    3.52531e+01
   1.86671e+01 	    3.52397e+01
   1.88173e+01 	    3.52244e+01
   1.89688e+01 	    3.52070e+01
   1.91214e+01 	    3.51877e+01
   1.92752e+01 	    3.51664e+01
   1.94303e+01 	    3.51430e+01
   1.95867e+01 	    3.51177e+01
   1.97443e+01 	    3.50904e+01
   1.99032e+01 	    3.50610e+01
   2.00633e+01 	    3.50296e+01
   2.02248e+01 	    3.49962e+01
   2.03875e+01 	    3.49608e+01
   2.05516e+01 	    3.49233e+01
   2.07169e+01 	    3.48838e+01
   2.08836e+01 	    3.48422e+01
   2.10517e+01 	    3.47986e+01
   2.12211e+01 	    3.47529e+01
   2.13918e+01 	    3.47052e+01
   2.15640e+01 	    3.46554e+01
   2.17375e+01 	    3.46035e+01
   2.19124e+01 	    3.45495e+01
   2.20887e+01 	    3.44935e+01
   2.22664e+01 	    3.44353e+01
   2.24456e+01 	    3.43750e+01
   2.26262e+01 	    3.43127e+01
   2.28083e+01 	    3.42482e+01
   2.29918e+01 	    3.41816e+01
   2.31768e+01 	    3.41129e+01
   2.33633e+01 	    3.40422e+01
   2.35513e+01 	    3.39693e+01
   2.37408e+01 	    3.38943e+01
   2.39318e+01 	    3.38173e+01
   2.41244e+01 	    3.37381e+01
   2.43185e+01 	    3.36568e+01
   2.45142e+01 	    3.35735e+01
   2.47115e+01 	    3.34881e+01
   2.49103e+01 	    3.34005e+01
   2.51108e+01 	    3.33109e+01
   2.53128e+01 	    3.32192e+01
   2.55165e+01 	    3.31254e+01
   2.57218e+01 	    3.30294e+01
   2.59288e+01 	    3.29314e+01
   2.61374e+01 	    3.28313e+01
   2.63477e+01 	    3.27291e+01
   2.65598e+01 	    3.26247e+01
   2.67735e+01 	    3.25183e+01
   2.69889e+01 	    3.24097e+01
   2.72061e+01 	    3.22990e+01
   2.74250e+01 	    3.21861e+01
   2.76457e+01 	    3.20711e+01
   2.78681e+01 	    3.19539e+01
   2.80924e+01 	    3.18345e+01
   2.83184e+01 	    3.17129e+01
   2.85463e+01 	    3.15892e+01
   2.87760e+01 	    3.14633e+01
   2.90075e+01 	    3.13352e+01
   2.92409e+01 	    3.12051e+01
   2.94762e+01 	    3.10728e+01
   2.97134e+01 	    3.09384e+01
   2.99525e+01 	    3.08020e+01
   3.01935e+01 	    3.06636e+01
   3.04365e+01 	    3.05231e+01
   3.06814e+01 	    3.03806e+01
   3.09283e+01 	    3.02361e+01
   3.11771e+01 	    3.00896e+01
   3.14280e+01 	    2.99412e+01
   3.16809e+01 	    2.97908e+01
   3.19358e+01 	    2.96386e+01
   3.21928e+01 	    2.94844e+01
   3.24518e+01 	    2.93284e+01
   3.27129e+01 	    2.91705e+01
   3.29762e+01 	    2.90107e+01
   3.32415e+01 	    2.88491e+01
   3.35090e+01 	    2.86857e+01
   3.37786e+01 	    2.85205e+01
   3.40504e+01 	    2.83535e+01
   3.43244e+01 	    2.81847e+01
   3.46006e+01 	    2.80142e+01
   3.48790e+01 	    2.78419e+01
   3.51597e+01 	    2.76678e+01
   3.54426e+01 	    2.74920e+01
   3.57278e+01 	    2.73145e+01
   3.60153e+01 	    2.71353e+01
   3.63051e+01 	    2.69545e+01
   3.65972e+01 	    2.67720e+01
   3.68917e+01 	    2.65880e+01
   3.71886e+01 	    2.64024e+01
   3.74878e+01 	    2.62153e+01
   3.77894e+01 	    2.60268e+01
   3.80935e+01 	    2.58368e+01
   3.84000e+01 	    2.56455e+01
   3.87090e+01 	    2.54528e+01
   3.90205e+01 	    2.52588e+01
   3.93345e+01 	    2.50635e+01
   3.96510e+01 	    2.48670e+01
   3.99701e+01 	    2.46693e+01
   4.02917e+01 	    2.44704e+01
   4.06159e+01 	    2.42703e+01
   4.09427e+01 	    2.40692e+01
   4.12722e+01 	    2.38669e+01
   4.16043e+01 	    2.36637e+01
   4.19390e+01 	    2.34594e+01
   4.22765e+01 	    2.32541e+01
   4.26167e+01 	    2.30478e+01
   4.29596e+01 	    2.28406e+01
   4.33053e+01 	    2.26324e+01
   4.36537e+01 	    2.24234e+01
   4.40050e+01 	    2.22134e+01
   4.43591e+01 	    2.20026e+01
   4.47160e+01 	    2.17909e+01
   4.50758e+01 	    2.15784e+01
   4.54385e+01 	    2.13650e+01
   4.58042e+01 	    2.11510e+01
   4.61727e+01 	    2.09362e+01
   4.65443e+01 	    2.07208e+01
   4.69188e+01 	    2.05048e+01
   4.72963e+01 	    2.02883e+01
   4.76769e+01 	    2.00712e+01
   4.80605e+01 	    1.98537e+01
   4.84473e+01 	    1.96357e+01
   4.88371e+01 	    1.94173e+01
   4.92301e+01 	    1.91986e+01
   4.96262e+01 	    1.89796e+01
   5.00255e+01 	    1.87603e+01
   5.04280e+01 	    1.85407e+01
   5.08338e+01 	    1.83209e+01
   5.12429e+01 	    1.81008e+01
   5.16552e+01 	    1.78806e+01
   5.20708e+01 	    1.76602e+01
   5.24898e+01 	    1.74397e+01
   5.29122e+01 	    1.72190e+01
   5.33380e+01 	    1.69982e+01
   5.37671e+01 	    1.67773e+01
   5.41998e+01 	    1.65562e+01
   5.46359e+01 	    1.63350e+01
   5.50755e+01 	    1.61136e+01
   5.55187e+01 	    1.58921e+01
   5.59654e+01 	    1.56703e+01
   5.64158e+01 	    1.54489e+01
   5.68697e+01 	    1.52287e+01
   5.73273e+01 	    1.50098e+01
   5.77886e+01 	    1.47922e+01
   5.82536e+01 	    1.45759e+01
   5.87224e+01 	    1.43610e+01
   5.91949e+01 	    1.41473e+01
   5.96712e+01 	    1.39349e+01
   6.01514e+01 	    1.37236e+01
   6.06354e+01 	    1.35133e+01
   6.11233e+01 	    1.33038e+01
   6.16151e+01 	    1.30948e+01
   6.21109e+01 	    1.28863e+01
   6.26107e+01 	    1.26785e+01
   6.31145e+01 	    1.24715e+01
   6.36223e+01 	    1.22655e+01
   6.41343e+01 	    1.20606e+01
   6.46503e+01 	    1.18570e+01
   6.51706e+01 	    1.16547e+01
   6.56950e+01 	    1.14539e+01
   6.62236e+01 	    1.12546e+01
   6.67564e+01 	    1.10569e+01
   6.72936e+01 	    1.08609e+01
   6.78351e+01 	    1.06667e+01
   6.83809e+01 	    1.04745e+01
   6.89312e+01 	    1.02846e+01
   6.94858e+01 	    1.00971e+01
   7.00450e+01 	    9.91207e+00
   7.06086e+01 	    9.72976e+00
   7.11767e+01 	    9.55025e+00
   7.17495e+01 	    9.37366e+00
   7.23268e+01 	    9.20008e+00
   7.29088e+01 	    9.02983e+00
   7.34954e+01 	    8.86336e+00
   7.40868e+01 	    8.70114e+00
   7.46830e+01 	    8.54368e+00
   7.52839e+01 	    8.39149e+00
   7.58897e+01 	    8.24508e+00
   7.65004e+01 	    8.10502e+00
   7.71159e+01 	    7.97187e+00
   7.77364e+01 	    7.84625e+00
   7.83620e+01 	    7.72915e+00
   7.89925e+01 	    7.62178e+00
   7.96281e+01 	    7.52542e+00
   8.02689e+01 	    7.44144e+00
   8.09147e+01 	    7.37131e+00
   8.15658e+01 	    7.31659e+00
   8.22222e+01 	    7.27894e+00
   8.28838e+01 	    7.26015e+00
   8.35507e+01 	    7.26235e+00
   8.42230e+01 	    7.28806e+00
   8.49007e+01 	    7.34002e+00
   8.55839e+01 	    7.42114e+00
   8.62725e+01 	    7.53456e+00
   8.69667e+01 	    7.68360e+00
   8.76665e+01 	    7.87186e+00
   8.83719e+01 	    8.10299e+00
   8.90830e+01 	    8.37916e+00
   8.97998e+01 	    8.70160e+00
   9.05224e+01 	    9.07150e+00
   9.12508e+01 	    9.48996e+00
   9.19851e+01 	    9.95803e+00
   9.27252e+01 	    1.04767e+01
   9.34713e+01 	    1.10466e+01
   9.42235e+01 	    1.16637e+01
   9.49817e+01 	    1.23168e+01
   9.57459e+01 	    1.29928e+01
   9.65164e+01 	    1.36772e+01
   9.72930e+01 	    1.43534e+01
   9.80759e+01 	    1.50032e+01
   9.88650e+01 	    1.56065e+01
   9.96606e+01 	    1.61444e+01
   1.00462e+02 	    1.65996e+01
   1.01271e+02 	    1.69532e+01
   1.02086e+02 	    1.71848e+01
   1.02907e+02 	    1.72722e+01
   1.03735e+02 	    1.71910e+01
   1.04570e+02 	    1.69201e+01
   1.05411e+02 	    1.64631e+01
   1.06260e+02 	    1.58331e+01
   1.07115e+02 	    1.50457e+01
   1.07977e+02 	    1.41188e+01
   1.08845e+02 	    1.30734e+01
   1.09721e+02 	    1.19326e+01
   1.10604e+02 	    1.07179e+01
   1.11494e+02 	    9.45052e+00
   1.12391e+02 	    8.15448e+00
   1.13296e+02 	    6.85655e+00
   1.14207e+02 	    5.58660e+00
   1.15126e+02 	    4.37524e+00
   1.16053e+02 	    3.23527e+00
   1.16986e+02 	    2.17013e+00
   1.17928e+02 	    1.18312e+00
   1.18877e+02 	    2.77493e-01
   1.19833e+02 	   -5.43592e-01
   1.20797e+02 	   -1.27856e+00
   1.21769e+02 	   -1.93048e+00
   1.22749e+02 	   -2.50401e+00
   1.23737e+02 	   -3.00481e+00
   1.24733e+02 	   -3.43961e+00
   1.25736e+02 	   -3.81595e+00
   1.26748e+02 	   -4.13916e+00
   1.27768e+02 	   -4.41340e+00
   1.28796e+02 	   -4.64353e+00
   1.29832e+02 	   -4.83522e+00
   1.30877e+02 	   -4.99493e+00
   1.31930e+02 	   -5.12733e+00
   1.32992e+02 	   -5.23511e+00
   1.34062e+02 	   -5.32128e+00
   1.35141e+02 	   -5.38931e+00
   1.36228e+02 	   -5.44311e+00
   1.37324e+02 	   -5.48544e+00
   1.38429e+02 	   -5.51784e+00
   1.39543e+02 	   -5.54201e+00
   1.40666e+02 	   -5.55990e+00
   1.41798e+02 	   -5.57360e+00
   1.42939e+02 	   -5.58435e+00
   1.44089e+02 	   -5.59290e+00
   1.45248e+02 	   -5.60014e+00
   1.46417e+02 	   -5.60703e+00
   1.47595e+02 	   -5.61445e+00
   1.48783e+02 	   -5.62275e+00
   1.49980e+02 	   -5.63221e+00
   1.51187e+02 	   -5.64314e+00
   1.52404e+02 	   -5.65584e+00
   1.53630e+02 	   -5.67045e+00
   1.54866e+02 	   -5.68698e+00
   1.56112e+02 	   -5.70541e+00
   1.57368e+02 	   -5.72572e+00
   1.58635e+02 	   -5.74782e+00
   1.59911e+02 	   -5.77149e+00
   1.61198e+02 	   -5.79648e+00
   1.62495e+02 	   -5.82253e+00
   1.63803e+02 	   -5.84933e+00
   1.65121e+02 	   -5.87664e+00
   1.66449e+02 	   -5.90417e+00
   1.67789e+02 	   -5.93161e+00
   1.69139e+02 	   -5.95865e+00
   1.70500e+02 	   -5.98499e+00
   1.71872e+02 	   -6.01031e+00
   1.73255e+02 	   -6.03427e+00
   1.74649e+02 	   -6.05653e+00
   1.76054e+02 	   -6.07686e+00
   1.77471e+02 	   -6.09500e+00
   1.78899e+02 	   -6.11066e+00
   1.80338e+02 	   -6.12366e+00
   1.81789e+02 	   -6.13388e+00
   1.83252e+02 	   -6.14120e+00
   1.84727e+02 	   -6.14553e+00
   1.86213e+02 	   -6.14700e+00
   1.87711e+02 	   -6.14582e+00
   1.89222e+02 	   -6.14226e+00
   1.90745e+02 	   -6.13668e+00
   1.92279e+02 	   -6.12963e+00
   1.93827e+02 	   -6.12172e+00
   1.95386e+02 	   -6.11360e+00
   1.96958e+02 	   -6.10563e+00
   1.98543e+02 	   -6.09809e+00
   2.00141e+02 	   -6.09125e+00
   2.01751e+02 	   -6.08523e+00
   2.03375e+02 	   -6.07988e+00
   2.05011e+02 	   -6.07504e+00
   2.06661e+02 	   -6.06963e+00
   2.08324e+02 	   -6.06032e+00
   2.10000e+02 	   -6.04311e+00
