#Omega_b = 0.050000
#Omega_m = 0.300000
#Omega_de = 0.680000
#hubble = 0.700000
#w0 = -0.800000
#wa = 0.200000
#sigma8 = 0.800000
#n_s = 0.960000
#
#R    R*R*xiHM(R) ;; R is in h^-1 Mpc,   R*R*xiHM(R) is in (h^-1 Mpc)^2.   COMOVING!!!  M=1e14 h^-1 Msun, c=5.0 
   7.00000e-02 	    7.99221e+01
   7.05633e-02 	    8.02589e+01
   7.11311e-02 	    8.05953e+01
   7.17034e-02 	    8.09311e+01
   7.22804e-02 	    8.12664e+01
   7.28620e-02 	    8.16012e+01
   7.34483e-02 	    8.19354e+01
   7.40393e-02 	    8.22691e+01
   7.46351e-02 	    8.26021e+01
   7.52356e-02 	    8.29345e+01
   7.58410e-02 	    8.32662e+01
   7.64513e-02 	    8.35972e+01
   7.70664e-02 	    8.39274e+01
   7.76866e-02 	    8.42570e+01
   7.83117e-02 	    8.45857e+01
   7.89418e-02 	    8.49137e+01
   7.95770e-02 	    8.52408e+01
   8.02173e-02 	    8.55670e+01
   8.08628e-02 	    8.58924e+01
   8.15135e-02 	    8.62169e+01
   8.21694e-02 	    8.65404e+01
   8.28306e-02 	    8.68629e+01
   8.34971e-02 	    8.71844e+01
   8.41689e-02 	    8.75050e+01
   8.48462e-02 	    8.78244e+01
   8.55289e-02 	    8.81428e+01
   8.62172e-02 	    8.84600e+01
   8.69109e-02 	    8.87761e+01
   8.76102e-02 	    8.90911e+01
   8.83152e-02 	    8.94048e+01
   8.90258e-02 	    8.97174e+01
   8.97422e-02 	    9.00286e+01
   9.04643e-02 	    9.03386e+01
   9.11922e-02 	    9.06473e+01
   9.19260e-02 	    9.09546e+01
   9.26657e-02 	    9.12605e+01
   9.34114e-02 	    9.15651e+01
   9.41630e-02 	    9.18682e+01
   9.49207e-02 	    9.21699e+01
   9.56845e-02 	    9.24700e+01
   9.64544e-02 	    9.27687e+01
   9.72305e-02 	    9.30658e+01
   9.80129e-02 	    9.33613e+01
   9.88016e-02 	    9.36553e+01
   9.95966e-02 	    9.39476e+01
   1.00398e-01 	    9.42382e+01
   1.01206e-01 	    9.45272e+01
   1.02020e-01 	    9.48144e+01
   1.02841e-01 	    9.50999e+01
   1.03669e-01 	    9.53835e+01
   1.04503e-01 	    9.56654e+01
   1.05344e-01 	    9.59455e+01
   1.06191e-01 	    9.62237e+01
   1.07046e-01 	    9.65000e+01
   1.07907e-01 	    9.67744e+01
   1.08776e-01 	    9.70468e+01
   1.09651e-01 	    9.73172e+01
   1.10533e-01 	    9.75856e+01
   1.11423e-01 	    9.78520e+01
   1.12319e-01 	    9.81164e+01
   1.13223e-01 	    9.83786e+01
   1.14134e-01 	    9.86387e+01
   1.15052e-01 	    9.88967e+01
   1.15978e-01 	    9.91525e+01
   1.16911e-01 	    9.94061e+01
   1.17852e-01 	    9.96574e+01
   1.18800e-01 	    9.99065e+01
   1.19756e-01 	    1.00153e+02
   1.20720e-01 	    1.00398e+02
   1.21691e-01 	    1.00640e+02
   1.22671e-01 	    1.00880e+02
   1.23658e-01 	    1.01117e+02
   1.24653e-01 	    1.01352e+02
   1.25656e-01 	    1.01585e+02
   1.26667e-01 	    1.01815e+02
   1.27686e-01 	    1.02042e+02
   1.28713e-01 	    1.02267e+02
   1.29749e-01 	    1.02490e+02
   1.30793e-01 	    1.02709e+02
   1.31846e-01 	    1.02927e+02
   1.32906e-01 	    1.03141e+02
   1.33976e-01 	    1.03353e+02
   1.35054e-01 	    1.03563e+02
   1.36141e-01 	    1.03769e+02
   1.37236e-01 	    1.03973e+02
   1.38340e-01 	    1.04174e+02
   1.39454e-01 	    1.04373e+02
   1.40576e-01 	    1.04568e+02
   1.41707e-01 	    1.04761e+02
   1.42847e-01 	    1.04951e+02
   1.43997e-01 	    1.05138e+02
   1.45155e-01 	    1.05322e+02
   1.46323e-01 	    1.05503e+02
   1.47501e-01 	    1.05681e+02
   1.48688e-01 	    1.05857e+02
   1.49884e-01 	    1.06029e+02
   1.51090e-01 	    1.06198e+02
   1.52306e-01 	    1.06365e+02
   1.53531e-01 	    1.06528e+02
   1.54767e-01 	    1.06688e+02
   1.56012e-01 	    1.06845e+02
   1.57267e-01 	    1.07000e+02
   1.58533e-01 	    1.07150e+02
   1.59809e-01 	    1.07298e+02
   1.61094e-01 	    1.07443e+02
   1.62391e-01 	    1.07584e+02
   1.63697e-01 	    1.07723e+02
   1.65015e-01 	    1.07858e+02
   1.66342e-01 	    1.07990e+02
   1.67681e-01 	    1.08118e+02
   1.69030e-01 	    1.08244e+02
   1.70390e-01 	    1.08366e+02
   1.71761e-01 	    1.08485e+02
   1.73143e-01 	    1.08600e+02
   1.74537e-01 	    1.08712e+02
   1.75941e-01 	    1.08821e+02
   1.77357e-01 	    1.08927e+02
   1.78784e-01 	    1.09029e+02
   1.80223e-01 	    1.09128e+02
   1.81673e-01 	    1.09223e+02
   1.83135e-01 	    1.09315e+02
   1.84608e-01 	    1.09404e+02
   1.86094e-01 	    1.09489e+02
   1.87591e-01 	    1.09571e+02
   1.89100e-01 	    1.09649e+02
   1.90622e-01 	    1.09724e+02
   1.92156e-01 	    1.09795e+02
   1.93702e-01 	    1.09863e+02
   1.95261e-01 	    1.09928e+02
   1.96832e-01 	    1.09989e+02
   1.98416e-01 	    1.10046e+02
   2.00012e-01 	    1.10100e+02
   2.01622e-01 	    1.10151e+02
   2.03244e-01 	    1.10198e+02
   2.04880e-01 	    1.10241e+02
   2.06528e-01 	    1.10281e+02
   2.08190e-01 	    1.10318e+02
   2.09865e-01 	    1.10350e+02
   2.11554e-01 	    1.10380e+02
   2.13256e-01 	    1.10405e+02
   2.14972e-01 	    1.10428e+02
   2.16702e-01 	    1.10446e+02
   2.18446e-01 	    1.10461e+02
   2.20203e-01 	    1.10473e+02
   2.21975e-01 	    1.10481e+02
   2.23761e-01 	    1.10485e+02
   2.25562e-01 	    1.10486e+02
   2.27377e-01 	    1.10484e+02
   2.29207e-01 	    1.10477e+02
   2.31051e-01 	    1.10467e+02
   2.32910e-01 	    1.10454e+02
   2.34784e-01 	    1.10437e+02
   2.36673e-01 	    1.10417e+02
   2.38578e-01 	    1.10392e+02
   2.40498e-01 	    1.10365e+02
   2.42433e-01 	    1.10334e+02
   2.44384e-01 	    1.10299e+02
   2.46350e-01 	    1.10261e+02
   2.48332e-01 	    1.10219e+02
   2.50330e-01 	    1.10174e+02
   2.52345e-01 	    1.10125e+02
   2.54375e-01 	    1.10072e+02
   2.56422e-01 	    1.10016e+02
   2.58485e-01 	    1.09957e+02
   2.60565e-01 	    1.09894e+02
   2.62662e-01 	    1.09828e+02
   2.64776e-01 	    1.09758e+02
   2.66906e-01 	    1.09684e+02
   2.69054e-01 	    1.09608e+02
   2.71219e-01 	    1.09527e+02
   2.73401e-01 	    1.09444e+02
   2.75601e-01 	    1.09356e+02
   2.77819e-01 	    1.09266e+02
   2.80054e-01 	    1.09172e+02
   2.82308e-01 	    1.09074e+02
   2.84579e-01 	    1.08973e+02
   2.86869e-01 	    1.08869e+02
   2.89178e-01 	    1.08762e+02
   2.91504e-01 	    1.08651e+02
   2.93850e-01 	    1.08536e+02
   2.96215e-01 	    1.08419e+02
   2.98598e-01 	    1.08298e+02
   3.01001e-01 	    1.08174e+02
   3.03423e-01 	    1.08046e+02
   3.05864e-01 	    1.07915e+02
   3.08325e-01 	    1.07781e+02
   3.10806e-01 	    1.07644e+02
   3.13307e-01 	    1.07504e+02
   3.15828e-01 	    1.07360e+02
   3.18370e-01 	    1.07213e+02
   3.20932e-01 	    1.07063e+02
   3.23514e-01 	    1.06910e+02
   3.26117e-01 	    1.06753e+02
   3.28741e-01 	    1.06594e+02
   3.31386e-01 	    1.06431e+02
   3.34053e-01 	    1.06266e+02
   3.36741e-01 	    1.06097e+02
   3.39451e-01 	    1.05925e+02
   3.42182e-01 	    1.05751e+02
   3.44935e-01 	    1.05573e+02
   3.47711e-01 	    1.05392e+02
   3.50509e-01 	    1.05208e+02
   3.53329e-01 	    1.05022e+02
   3.56172e-01 	    1.04832e+02
   3.59038e-01 	    1.04640e+02
   3.61927e-01 	    1.04444e+02
   3.64840e-01 	    1.04246e+02
   3.67775e-01 	    1.04045e+02
   3.70735e-01 	    1.03841e+02
   3.73718e-01 	    1.03635e+02
   3.76725e-01 	    1.03426e+02
   3.79756e-01 	    1.03213e+02
   3.82812e-01 	    1.02999e+02
   3.85892e-01 	    1.02781e+02
   3.88998e-01 	    1.02561e+02
   3.92128e-01 	    1.02338e+02
   3.95283e-01 	    1.02113e+02
   3.98464e-01 	    1.01885e+02
   4.01670e-01 	    1.01655e+02
   4.04902e-01 	    1.01422e+02
   4.08160e-01 	    1.01186e+02
   4.11444e-01 	    1.00948e+02
   4.14755e-01 	    1.00707e+02
   4.18092e-01 	    1.00464e+02
   4.21457e-01 	    1.00219e+02
   4.24848e-01 	    9.99713e+01
   4.28266e-01 	    9.97212e+01
   4.31713e-01 	    9.94688e+01
   4.35186e-01 	    9.92141e+01
   4.38688e-01 	    9.89571e+01
   4.42218e-01 	    9.86978e+01
   4.45776e-01 	    9.84364e+01
   4.49363e-01 	    9.81727e+01
   4.52979e-01 	    9.79068e+01
   4.56624e-01 	    9.76389e+01
   4.60298e-01 	    9.73688e+01
   4.64002e-01 	    9.70966e+01
   4.67736e-01 	    9.68224e+01
   4.71500e-01 	    9.65461e+01
   4.75294e-01 	    9.62678e+01
   4.79118e-01 	    9.59876e+01
   4.82973e-01 	    9.57054e+01
   4.86860e-01 	    9.54212e+01
   4.90777e-01 	    9.51352e+01
   4.94726e-01 	    9.48474e+01
   4.98707e-01 	    9.45576e+01
   5.02720e-01 	    9.42661e+01
   5.06765e-01 	    9.39728e+01
   5.10843e-01 	    9.36778e+01
   5.14953e-01 	    9.33810e+01
   5.19097e-01 	    9.30825e+01
   5.23274e-01 	    9.27824e+01
   5.27485e-01 	    9.24806e+01
   5.31729e-01 	    9.21772e+01
   5.36008e-01 	    9.18722e+01
   5.40321e-01 	    9.15657e+01
   5.44668e-01 	    9.12576e+01
   5.49051e-01 	    9.09480e+01
   5.53469e-01 	    9.06370e+01
   5.57923e-01 	    9.03245e+01
   5.62412e-01 	    9.00106e+01
   5.66937e-01 	    8.96953e+01
   5.71499e-01 	    8.93786e+01
   5.76098e-01 	    8.90606e+01
   5.80734e-01 	    8.87413e+01
   5.85406e-01 	    8.84207e+01
   5.90117e-01 	    8.80988e+01
   5.94865e-01 	    8.77758e+01
   5.99652e-01 	    8.74515e+01
   6.04477e-01 	    8.71261e+01
   6.09341e-01 	    8.67995e+01
   6.14244e-01 	    8.64718e+01
   6.19187e-01 	    8.61429e+01
   6.24169e-01 	    8.58131e+01
   6.29192e-01 	    8.54822e+01
   6.34254e-01 	    8.51502e+01
   6.39358e-01 	    8.48173e+01
   6.44503e-01 	    8.44835e+01
   6.49689e-01 	    8.41486e+01
   6.54917e-01 	    8.38129e+01
   6.60186e-01 	    8.34763e+01
   6.65499e-01 	    8.31388e+01
   6.70854e-01 	    8.28005e+01
   6.76252e-01 	    8.24614e+01
   6.81693e-01 	    8.21215e+01
   6.87179e-01 	    8.17809e+01
   6.92708e-01 	    8.14395e+01
   6.98282e-01 	    8.10974e+01
   7.03901e-01 	    8.07546e+01
   7.09565e-01 	    8.04112e+01
   7.15274e-01 	    8.00671e+01
   7.21030e-01 	    7.97224e+01
   7.26832e-01 	    7.93771e+01
   7.32680e-01 	    7.90312e+01
   7.38576e-01 	    7.86848e+01
   7.44519e-01 	    7.83379e+01
   7.50509e-01 	    7.79905e+01
   7.56549e-01 	    7.76425e+01
   7.62636e-01 	    7.72942e+01
   7.68773e-01 	    7.69454e+01
   7.74959e-01 	    7.65962e+01
   7.81195e-01 	    7.62466e+01
   7.87480e-01 	    7.58966e+01
   7.93817e-01 	    7.55463e+01
   8.00205e-01 	    7.51956e+01
   8.06643e-01 	    7.48447e+01
   8.13134e-01 	    7.44935e+01
   8.19677e-01 	    7.41420e+01
   8.26273e-01 	    7.37902e+01
   8.32921e-01 	    7.34382e+01
   8.39624e-01 	    7.30861e+01
   8.46380e-01 	    7.27337e+01
   8.53190e-01 	    7.23812e+01
   8.60055e-01 	    7.20285e+01
   8.66976e-01 	    7.16757e+01
   8.73952e-01 	    7.13227e+01
   8.80984e-01 	    7.09697e+01
   8.88073e-01 	    7.06166e+01
   8.95219e-01 	    7.02634e+01
   9.02423e-01 	    6.99102e+01
   9.09684e-01 	    6.95570e+01
   9.17004e-01 	    6.92037e+01
   9.24383e-01 	    6.88505e+01
   9.31821e-01 	    6.84973e+01
   9.39319e-01 	    6.81441e+01
   9.46877e-01 	    6.77910e+01
   9.54496e-01 	    6.74379e+01
   9.62177e-01 	    6.70850e+01
   9.69919e-01 	    6.67321e+01
   9.77723e-01 	    6.63793e+01
   9.85591e-01 	    6.60267e+01
   9.93521e-01 	    6.56742e+01
   1.00152e+00 	    6.53219e+01
   1.00957e+00 	    6.49697e+01
   1.01770e+00 	    6.46177e+01
   1.02589e+00 	    6.42660e+01
   1.03414e+00 	    6.39144e+01
   1.04246e+00 	    6.35630e+01
   1.05085e+00 	    6.32119e+01
   1.05931e+00 	    6.28610e+01
   1.06783e+00 	    6.25103e+01
   1.07642e+00 	    6.21600e+01
   1.08509e+00 	    6.18099e+01
   1.09382e+00 	    6.14600e+01
   1.10262e+00 	    6.11105e+01
   1.11149e+00 	    6.07613e+01
   1.12043e+00 	    6.04124e+01
   1.12945e+00 	    6.00638e+01
   1.13854e+00 	    5.97156e+01
   1.14770e+00 	    5.93677e+01
   1.15693e+00 	    5.90201e+01
   1.16624e+00 	    5.86729e+01
   1.17563e+00 	    5.83261e+01
   1.18509e+00 	    5.79796e+01
   1.19462e+00 	    5.76336e+01
   1.20424e+00 	    5.72879e+01
   1.21393e+00 	    5.69426e+01
   1.22369e+00 	    5.65977e+01
   1.23354e+00 	    5.62532e+01
   1.24347e+00 	    5.59091e+01
   1.25347e+00 	    5.55654e+01
   1.26356e+00 	    5.52222e+01
   1.27373e+00 	    5.48793e+01
   1.28397e+00 	    5.45370e+01
   1.29431e+00 	    5.41950e+01
   1.30472e+00 	    5.38535e+01
   1.31522e+00 	    5.35124e+01
   1.32580e+00 	    5.31718e+01
   1.33647e+00 	    5.28316e+01
   1.34722e+00 	    5.24918e+01
   1.35807e+00 	    5.21525e+01
   1.36899e+00 	    5.18137e+01
   1.38001e+00 	    5.14753e+01
   1.39111e+00 	    5.11374e+01
   1.40231e+00 	    5.07999e+01
   1.41359e+00 	    5.04629e+01
   1.42497e+00 	    5.01263e+01
   1.43643e+00 	    4.97902e+01
   1.44799e+00 	    4.94546e+01
   1.45964e+00 	    4.91194e+01
   1.47139e+00 	    4.87847e+01
   1.48323e+00 	    4.84504e+01
   1.49516e+00 	    4.81166e+01
   1.50719e+00 	    4.77832e+01
   1.51932e+00 	    4.74503e+01
   1.53154e+00 	    4.71178e+01
   1.54387e+00 	    4.67857e+01
   1.55629e+00 	    4.64541e+01
   1.56881e+00 	    4.61230e+01
   1.58144e+00 	    4.57922e+01
   1.59416e+00 	    4.54619e+01
   1.60699e+00 	    4.51320e+01
   1.61992e+00 	    4.48026e+01
   1.63296e+00 	    4.44735e+01
   1.64610e+00 	    4.41449e+01
   1.65934e+00 	    4.38166e+01
   1.67269e+00 	    4.34887e+01
   1.68615e+00 	    4.31613e+01
   1.69972e+00 	    4.28342e+01
   1.71340e+00 	    4.25074e+01
   1.72718e+00 	    4.21811e+01
   1.74108e+00 	    4.18551e+01
   1.75509e+00 	    4.15294e+01
   1.76921e+00 	    4.12041e+01
   1.78345e+00 	    4.09784e+01
   1.79780e+00 	    4.08967e+01
   1.81227e+00 	    4.08156e+01
   1.82685e+00 	    4.07353e+01
   1.84155e+00 	    4.06557e+01
   1.85637e+00 	    4.05770e+01
   1.87131e+00 	    4.04991e+01
   1.88636e+00 	    4.04223e+01
   1.90154e+00 	    4.03465e+01
   1.91684e+00 	    4.02718e+01
   1.93227e+00 	    4.01983e+01
   1.94782e+00 	    4.01261e+01
   1.96349e+00 	    4.00551e+01
   1.97929e+00 	    3.99855e+01
   1.99521e+00 	    3.99173e+01
   2.01127e+00 	    3.98506e+01
   2.02745e+00 	    3.97854e+01
   2.04377e+00 	    3.97218e+01
   2.06021e+00 	    3.96597e+01
   2.07679e+00 	    3.95993e+01
   2.09350e+00 	    3.95406e+01
   2.11035e+00 	    3.94837e+01
   2.12733e+00 	    3.94285e+01
   2.14445e+00 	    3.93750e+01
   2.16170e+00 	    3.93234e+01
   2.17910e+00 	    3.92735e+01
   2.19663e+00 	    3.92255e+01
   2.21430e+00 	    3.91794e+01
   2.23212e+00 	    3.91350e+01
   2.25008e+00 	    3.90925e+01
   2.26819e+00 	    3.90520e+01
   2.28644e+00 	    3.90134e+01
   2.30484e+00 	    3.89769e+01
   2.32338e+00 	    3.89426e+01
   2.34208e+00 	    3.89105e+01
   2.36093e+00 	    3.88806e+01
   2.37992e+00 	    3.88530e+01
   2.39907e+00 	    3.88278e+01
   2.41838e+00 	    3.88051e+01
   2.43784e+00 	    3.87848e+01
   2.45745e+00 	    3.87670e+01
   2.47723e+00 	    3.87518e+01
   2.49716e+00 	    3.87392e+01
   2.51725e+00 	    3.87292e+01
   2.53751e+00 	    3.87218e+01
   2.55793e+00 	    3.87171e+01
   2.57851e+00 	    3.87151e+01
   2.59926e+00 	    3.87158e+01
   2.62017e+00 	    3.87192e+01
   2.64126e+00 	    3.87253e+01
   2.66251e+00 	    3.87341e+01
   2.68393e+00 	    3.87455e+01
   2.70553e+00 	    3.87595e+01
   2.72730e+00 	    3.87762e+01
   2.74925e+00 	    3.87954e+01
   2.77137e+00 	    3.88172e+01
   2.79367e+00 	    3.88414e+01
   2.81615e+00 	    3.88679e+01
   2.83881e+00 	    3.88969e+01
   2.86165e+00 	    3.89283e+01
   2.88468e+00 	    3.89623e+01
   2.90789e+00 	    3.89988e+01
   2.93129e+00 	    3.90379e+01
   2.95487e+00 	    3.90797e+01
   2.97865e+00 	    3.91242e+01
   3.00262e+00 	    3.91714e+01
   3.02678e+00 	    3.92214e+01
   3.05114e+00 	    3.92742e+01
   3.07569e+00 	    3.93298e+01
   3.10044e+00 	    3.93884e+01
   3.12538e+00 	    3.94497e+01
   3.15053e+00 	    3.95140e+01
   3.17588e+00 	    3.95812e+01
   3.20144e+00 	    3.96513e+01
   3.22720e+00 	    3.97242e+01
   3.25317e+00 	    3.98001e+01
   3.27934e+00 	    3.98788e+01
   3.30573e+00 	    3.99604e+01
   3.33233e+00 	    4.00447e+01
   3.35914e+00 	    4.01319e+01
   3.38617e+00 	    4.02218e+01
   3.41342e+00 	    4.03143e+01
   3.44089e+00 	    4.04095e+01
   3.46858e+00 	    4.05071e+01
   3.49649e+00 	    4.06073e+01
   3.52462e+00 	    4.07097e+01
   3.55298e+00 	    4.08144e+01
   3.58157e+00 	    4.09215e+01
   3.61039e+00 	    4.10308e+01
   3.63944e+00 	    4.11425e+01
   3.66873e+00 	    4.12566e+01
   3.69825e+00 	    4.13731e+01
   3.72801e+00 	    4.14920e+01
   3.75800e+00 	    4.16134e+01
   3.78824e+00 	    4.17372e+01
   3.81872e+00 	    4.18636e+01
   3.84945e+00 	    4.19925e+01
   3.88043e+00 	    4.21238e+01
   3.91165e+00 	    4.22578e+01
   3.94313e+00 	    4.23942e+01
   3.97486e+00 	    4.25331e+01
   4.00684e+00 	    4.26746e+01
   4.03908e+00 	    4.28185e+01
   4.07158e+00 	    4.29649e+01
   4.10434e+00 	    4.31137e+01
   4.13737e+00 	    4.32650e+01
   4.17066e+00 	    4.34186e+01
   4.20422e+00 	    4.35746e+01
   4.23805e+00 	    4.37328e+01
   4.27215e+00 	    4.38932e+01
   4.30653e+00 	    4.40558e+01
   4.34118e+00 	    4.42205e+01
   4.37611e+00 	    4.43871e+01
   4.41133e+00 	    4.45556e+01
   4.44682e+00 	    4.47260e+01
   4.48260e+00 	    4.48980e+01
   4.51867e+00 	    4.50718e+01
   4.55503e+00 	    4.52474e+01
   4.59169e+00 	    4.54247e+01
   4.62863e+00 	    4.56038e+01
   4.66588e+00 	    4.57846e+01
   4.70342e+00 	    4.59673e+01
   4.74127e+00 	    4.61518e+01
   4.77942e+00 	    4.63380e+01
   4.81788e+00 	    4.65261e+01
   4.85665e+00 	    4.67159e+01
   4.89573e+00 	    4.69076e+01
   4.93512e+00 	    4.71010e+01
   4.97483e+00 	    4.72962e+01
   5.01486e+00 	    4.74932e+01
   5.05521e+00 	    4.76918e+01
   5.09589e+00 	    4.78922e+01
   5.13689e+00 	    4.80942e+01
   5.17823e+00 	    4.82979e+01
   5.21990e+00 	    4.85032e+01
   5.26190e+00 	    4.87101e+01
   5.30424e+00 	    4.89184e+01
   5.34692e+00 	    4.91282e+01
   5.38994e+00 	    4.93395e+01
   5.43331e+00 	    4.95520e+01
   5.47703e+00 	    4.97658e+01
   5.52111e+00 	    4.99808e+01
   5.56553e+00 	    5.01969e+01
   5.61032e+00 	    5.04141e+01
   5.65546e+00 	    5.06321e+01
   5.70097e+00 	    5.08512e+01
   5.74684e+00 	    5.10712e+01
   5.79308e+00 	    5.12922e+01
   5.83970e+00 	    5.15141e+01
   5.88669e+00 	    5.17369e+01
   5.93405e+00 	    5.19607e+01
   5.98180e+00 	    5.21854e+01
   6.02994e+00 	    5.24110e+01
   6.07846e+00 	    5.26375e+01
   6.12737e+00 	    5.28648e+01
   6.17667e+00 	    5.30930e+01
   6.22637e+00 	    5.33220e+01
   6.27647e+00 	    5.35519e+01
   6.32698e+00 	    5.37825e+01
   6.37789e+00 	    5.40138e+01
   6.42921e+00 	    5.42458e+01
   6.48094e+00 	    5.44785e+01
   6.53309e+00 	    5.47118e+01
   6.58566e+00 	    5.49458e+01
   6.63865e+00 	    5.51802e+01
   6.69207e+00 	    5.54151e+01
   6.74592e+00 	    5.56505e+01
   6.80020e+00 	    5.58862e+01
   6.85492e+00 	    5.61222e+01
   6.91008e+00 	    5.63585e+01
   6.96568e+00 	    5.65949e+01
   7.02173e+00 	    5.68314e+01
   7.07823e+00 	    5.70679e+01
   7.13519e+00 	    5.73044e+01
   7.19260e+00 	    5.75408e+01
   7.25048e+00 	    5.77772e+01
   7.30882e+00 	    5.80135e+01
   7.36763e+00 	    5.82496e+01
   7.42691e+00 	    5.84857e+01
   7.48667e+00 	    5.87216e+01
   7.54692e+00 	    5.89573e+01
   7.60764e+00 	    5.91928e+01
   7.66886e+00 	    5.94282e+01
   7.73057e+00 	    5.96632e+01
   7.79277e+00 	    5.98980e+01
   7.85548e+00 	    6.01324e+01
   7.91869e+00 	    6.03666e+01
   7.98240e+00 	    6.06003e+01
   8.04664e+00 	    6.08337e+01
   8.11138e+00 	    6.10665e+01
   8.17665e+00 	    6.12989e+01
   8.24245e+00 	    6.15308e+01
   8.30877e+00 	    6.17621e+01
   8.37563e+00 	    6.19928e+01
   8.44302e+00 	    6.22228e+01
   8.51096e+00 	    6.24521e+01
   8.57944e+00 	    6.26806e+01
   8.64848e+00 	    6.29083e+01
   8.71807e+00 	    6.31351e+01
   8.78822e+00 	    6.33610e+01
   8.85894e+00 	    6.35858e+01
   8.93022e+00 	    6.38096e+01
   9.00208e+00 	    6.40323e+01
   9.07451e+00 	    6.42538e+01
   9.14753e+00 	    6.44742e+01
   9.22114e+00 	    6.46934e+01
   9.29534e+00 	    6.49113e+01
   9.37013e+00 	    6.51281e+01
   9.44553e+00 	    6.53435e+01
   9.52154e+00 	    6.55577e+01
   9.59815e+00 	    6.57705e+01
   9.67538e+00 	    6.59820e+01
   9.75324e+00 	    6.61920e+01
   9.83172e+00 	    6.64006e+01
   9.91083e+00 	    6.66077e+01
   9.99058e+00 	    6.68134e+01
   1.00710e+01 	    6.70174e+01
   1.01520e+01 	    6.72199e+01
   1.02337e+01 	    6.74208e+01
   1.03160e+01 	    6.76200e+01
   1.03990e+01 	    6.78176e+01
   1.04827e+01 	    6.80133e+01
   1.05671e+01 	    6.82073e+01
   1.06521e+01 	    6.83995e+01
   1.07378e+01 	    6.85897e+01
   1.08242e+01 	    6.87780e+01
   1.09113e+01 	    6.89644e+01
   1.09991e+01 	    6.91487e+01
   1.10876e+01 	    6.93310e+01
   1.11768e+01 	    6.95111e+01
   1.12668e+01 	    6.96890e+01
   1.13574e+01 	    6.98647e+01
   1.14488e+01 	    7.00381e+01
   1.15409e+01 	    7.02093e+01
   1.16338e+01 	    7.03781e+01
   1.17274e+01 	    7.05446e+01
   1.18218e+01 	    7.07087e+01
   1.19169e+01 	    7.08704e+01
   1.20128e+01 	    7.10297e+01
   1.21095e+01 	    7.11865e+01
   1.22069e+01 	    7.13408e+01
   1.23051e+01 	    7.14925e+01
   1.24041e+01 	    7.16417e+01
   1.25040e+01 	    7.17882e+01
   1.26046e+01 	    7.19321e+01
   1.27060e+01 	    7.20734e+01
   1.28082e+01 	    7.22119e+01
   1.29113e+01 	    7.23476e+01
   1.30152e+01 	    7.24805e+01
   1.31199e+01 	    7.26107e+01
   1.32255e+01 	    7.27379e+01
   1.33319e+01 	    7.28622e+01
   1.34392e+01 	    7.29836e+01
   1.35473e+01 	    7.31020e+01
   1.36563e+01 	    7.32173e+01
   1.37662e+01 	    7.33296e+01
   1.38770e+01 	    7.34387e+01
   1.39887e+01 	    7.35447e+01
   1.41012e+01 	    7.36475e+01
   1.42147e+01 	    7.37469e+01
   1.43291e+01 	    7.38432e+01
   1.44444e+01 	    7.39361e+01
   1.45606e+01 	    7.40256e+01
   1.46777e+01 	    7.41118e+01
   1.47959e+01 	    7.41946e+01
   1.49149e+01 	    7.42740e+01
   1.50349e+01 	    7.43499e+01
   1.51559e+01 	    7.44223e+01
   1.52779e+01 	    7.44912e+01
   1.54008e+01 	    7.45566e+01
   1.55247e+01 	    7.46185e+01
   1.56496e+01 	    7.46767e+01
   1.57756e+01 	    7.47313e+01
   1.59025e+01 	    7.47823e+01
   1.60305e+01 	    7.48296e+01
   1.61595e+01 	    7.48732e+01
   1.62895e+01 	    7.49130e+01
   1.64206e+01 	    7.49491e+01
   1.65527e+01 	    7.49813e+01
   1.66859e+01 	    7.50098e+01
   1.68201e+01 	    7.50343e+01
   1.69555e+01 	    7.50550e+01
   1.70919e+01 	    7.50717e+01
   1.72295e+01 	    7.50845e+01
   1.73681e+01 	    7.50933e+01
   1.75078e+01 	    7.50980e+01
   1.76487e+01 	    7.50986e+01
   1.77907e+01 	    7.50952e+01
   1.79339e+01 	    7.50876e+01
   1.80782e+01 	    7.50758e+01
   1.82237e+01 	    7.50599e+01
   1.83703e+01 	    7.50398e+01
   1.85181e+01 	    7.50156e+01
   1.86671e+01 	    7.49871e+01
   1.88173e+01 	    7.49544e+01
   1.89688e+01 	    7.49175e+01
   1.91214e+01 	    7.48763e+01
   1.92752e+01 	    7.48310e+01
   1.94303e+01 	    7.47813e+01
   1.95867e+01 	    7.47274e+01
   1.97443e+01 	    7.46692e+01
   1.99032e+01 	    7.46067e+01
   2.00633e+01 	    7.45399e+01
   2.02248e+01 	    7.44689e+01
   2.03875e+01 	    7.43934e+01
   2.05516e+01 	    7.43137e+01
   2.07169e+01 	    7.42296e+01
   2.08836e+01 	    7.41412e+01
   2.10517e+01 	    7.40484e+01
   2.12211e+01 	    7.39512e+01
   2.13918e+01 	    7.38496e+01
   2.15640e+01 	    7.37436e+01
   2.17375e+01 	    7.36332e+01
   2.19124e+01 	    7.35184e+01
   2.20887e+01 	    7.33991e+01
   2.22664e+01 	    7.32753e+01
   2.24456e+01 	    7.31471e+01
   2.26262e+01 	    7.30144e+01
   2.28083e+01 	    7.28772e+01
   2.29918e+01 	    7.27355e+01
   2.31768e+01 	    7.25894e+01
   2.33633e+01 	    7.24388e+01
   2.35513e+01 	    7.22837e+01
   2.37408e+01 	    7.21242e+01
   2.39318e+01 	    7.19602e+01
   2.41244e+01 	    7.17917e+01
   2.43185e+01 	    7.16188e+01
   2.45142e+01 	    7.14415e+01
   2.47115e+01 	    7.12596e+01
   2.49103e+01 	    7.10734e+01
   2.51108e+01 	    7.08827e+01
   2.53128e+01 	    7.06875e+01
   2.55165e+01 	    7.04879e+01
   2.57218e+01 	    7.02838e+01
   2.59288e+01 	    7.00752e+01
   2.61374e+01 	    6.98622e+01
   2.63477e+01 	    6.96446e+01
   2.65598e+01 	    6.94226e+01
   2.67735e+01 	    6.91961e+01
   2.69889e+01 	    6.89650e+01
   2.72061e+01 	    6.87294e+01
   2.74250e+01 	    6.84892e+01
   2.76457e+01 	    6.82444e+01
   2.78681e+01 	    6.79950e+01
   2.80924e+01 	    6.77410e+01
   2.83184e+01 	    6.74823e+01
   2.85463e+01 	    6.72190e+01
   2.87760e+01 	    6.69511e+01
   2.90075e+01 	    6.66786e+01
   2.92409e+01 	    6.64016e+01
   2.94762e+01 	    6.61202e+01
   2.97134e+01 	    6.58343e+01
   2.99525e+01 	    6.55440e+01
   3.01935e+01 	    6.52494e+01
   3.04365e+01 	    6.49504e+01
   3.06814e+01 	    6.46472e+01
   3.09283e+01 	    6.43397e+01
   3.11771e+01 	    6.40281e+01
   3.14280e+01 	    6.37122e+01
   3.16809e+01 	    6.33923e+01
   3.19358e+01 	    6.30683e+01
   3.21928e+01 	    6.27403e+01
   3.24518e+01 	    6.24082e+01
   3.27129e+01 	    6.20722e+01
   3.29762e+01 	    6.17322e+01
   3.32415e+01 	    6.13884e+01
   3.35090e+01 	    6.10407e+01
   3.37786e+01 	    6.06891e+01
   3.40504e+01 	    6.03338e+01
   3.43244e+01 	    5.99746e+01
   3.46006e+01 	    5.96117e+01
   3.48790e+01 	    5.92451e+01
   3.51597e+01 	    5.88747e+01
   3.54426e+01 	    5.85007e+01
   3.57278e+01 	    5.81229e+01
   3.60153e+01 	    5.77416e+01
   3.63051e+01 	    5.73567e+01
   3.65972e+01 	    5.69685e+01
   3.68917e+01 	    5.65769e+01
   3.71886e+01 	    5.61820e+01
   3.74878e+01 	    5.57839e+01
   3.77894e+01 	    5.53827e+01
   3.80935e+01 	    5.49785e+01
   3.84000e+01 	    5.45714e+01
   3.87090e+01 	    5.41613e+01
   3.90205e+01 	    5.37485e+01
   3.93345e+01 	    5.33330e+01
   3.96510e+01 	    5.29148e+01
   3.99701e+01 	    5.24941e+01
   4.02917e+01 	    5.20708e+01
   4.06159e+01 	    5.16451e+01
   4.09427e+01 	    5.12171e+01
   4.12722e+01 	    5.07868e+01
   4.16043e+01 	    5.03542e+01
   4.19390e+01 	    4.99195e+01
   4.22765e+01 	    4.94826e+01
   4.26167e+01 	    4.90437e+01
   4.29596e+01 	    4.86028e+01
   4.33053e+01 	    4.81599e+01
   4.36537e+01 	    4.77150e+01
   4.40050e+01 	    4.72683e+01
   4.43591e+01 	    4.68196e+01
   4.47160e+01 	    4.63691e+01
   4.50758e+01 	    4.59169e+01
   4.54385e+01 	    4.54629e+01
   4.58042e+01 	    4.50074e+01
   4.61727e+01 	    4.45505e+01
   4.65443e+01 	    4.40921e+01
   4.69188e+01 	    4.36325e+01
   4.72963e+01 	    4.31717e+01
   4.76769e+01 	    4.27098e+01
   4.80605e+01 	    4.22469e+01
   4.84473e+01 	    4.17830e+01
   4.88371e+01 	    4.13184e+01
   4.92301e+01 	    4.08530e+01
   4.96262e+01 	    4.03869e+01
   5.00255e+01 	    3.99202e+01
   5.04280e+01 	    3.94529e+01
   5.08338e+01 	    3.89852e+01
   5.12429e+01 	    3.85170e+01
   5.16552e+01 	    3.80484e+01
   5.20708e+01 	    3.75795e+01
   5.24898e+01 	    3.71102e+01
   5.29122e+01 	    3.66406e+01
   5.33380e+01 	    3.61707e+01
   5.37671e+01 	    3.57006e+01
   5.41998e+01 	    3.52302e+01
   5.46359e+01 	    3.47594e+01
   5.50755e+01 	    3.42884e+01
   5.55187e+01 	    3.38169e+01
   5.59654e+01 	    3.33451e+01
   5.64158e+01 	    3.28740e+01
   5.68697e+01 	    3.24054e+01
   5.73273e+01 	    3.19395e+01
   5.77886e+01 	    3.14765e+01
   5.82536e+01 	    3.10162e+01
   5.87224e+01 	    3.05589e+01
   5.91949e+01 	    3.01043e+01
   5.96712e+01 	    2.96523e+01
   6.01514e+01 	    2.92027e+01
   6.06354e+01 	    2.87552e+01
   6.11233e+01 	    2.83093e+01
   6.16151e+01 	    2.78645e+01
   6.21109e+01 	    2.74209e+01
   6.26107e+01 	    2.69787e+01
   6.31145e+01 	    2.65382e+01
   6.36223e+01 	    2.60999e+01
   6.41343e+01 	    2.56639e+01
   6.46503e+01 	    2.52306e+01
   6.51706e+01 	    2.48002e+01
   6.56950e+01 	    2.43729e+01
   6.62236e+01 	    2.39488e+01
   6.67564e+01 	    2.35281e+01
   6.72936e+01 	    2.31110e+01
   6.78351e+01 	    2.26978e+01
   6.83809e+01 	    2.22889e+01
   6.89312e+01 	    2.18847e+01
   6.94858e+01 	    2.14857e+01
   7.00450e+01 	    2.10920e+01
   7.06086e+01 	    2.07041e+01
   7.11767e+01 	    2.03221e+01
   7.17495e+01 	    1.99463e+01
   7.23268e+01 	    1.95770e+01
   7.29088e+01 	    1.92147e+01
   7.34954e+01 	    1.88604e+01
   7.40868e+01 	    1.85153e+01
   7.46830e+01 	    1.81802e+01
   7.52839e+01 	    1.78563e+01
   7.58897e+01 	    1.75448e+01
   7.65004e+01 	    1.72468e+01
   7.71159e+01 	    1.69634e+01
   7.77364e+01 	    1.66961e+01
   7.83620e+01 	    1.64470e+01
   7.89925e+01 	    1.62185e+01
   7.96281e+01 	    1.60134e+01
   8.02689e+01 	    1.58347e+01
   8.09147e+01 	    1.56855e+01
   8.15658e+01 	    1.55691e+01
   8.22222e+01 	    1.54889e+01
   8.28838e+01 	    1.54490e+01
   8.35507e+01 	    1.54536e+01
   8.42230e+01 	    1.55084e+01
   8.49007e+01 	    1.56189e+01
   8.55839e+01 	    1.57915e+01
   8.62725e+01 	    1.60329e+01
   8.69667e+01 	    1.63500e+01
   8.76665e+01 	    1.67506e+01
   8.83719e+01 	    1.72425e+01
   8.90830e+01 	    1.78301e+01
   8.97998e+01 	    1.85162e+01
   9.05224e+01 	    1.93034e+01
   9.12508e+01 	    2.01938e+01
   9.19851e+01 	    2.11898e+01
   9.27252e+01 	    2.22934e+01
   9.34713e+01 	    2.35062e+01
   9.42235e+01 	    2.48193e+01
   9.49817e+01 	    2.62091e+01
   9.57459e+01 	    2.76476e+01
   9.65164e+01 	    2.91038e+01
   9.72930e+01 	    3.05427e+01
   9.80759e+01 	    3.19255e+01
   9.88650e+01 	    3.32094e+01
   9.96606e+01 	    3.43540e+01
   1.00462e+02 	    3.53225e+01
   1.01271e+02 	    3.60749e+01
   1.02086e+02 	    3.65678e+01
   1.02907e+02 	    3.67537e+01
   1.03735e+02 	    3.65809e+01
   1.04570e+02 	    3.60044e+01
   1.05411e+02 	    3.50320e+01
   1.06260e+02 	    3.36914e+01
   1.07115e+02 	    3.20159e+01
   1.07977e+02 	    3.00437e+01
   1.08845e+02 	    2.78190e+01
   1.09721e+02 	    2.53915e+01
   1.10604e+02 	    2.28067e+01
   1.11494e+02 	    2.01099e+01
   1.12391e+02 	    1.73520e+01
   1.13296e+02 	    1.45901e+01
   1.14207e+02 	    1.18878e+01
   1.15126e+02 	    9.31013e+00
   1.16053e+02 	    6.88438e+00
   1.16986e+02 	    4.61784e+00
   1.17928e+02 	    2.51757e+00
   1.18877e+02 	    5.90482e-01
   1.19833e+02 	   -1.15672e+00
   1.20797e+02 	   -2.72067e+00
   1.21769e+02 	   -4.10789e+00
   1.22749e+02 	   -5.32831e+00
   1.23737e+02 	   -6.39397e+00
   1.24733e+02 	   -7.31918e+00
   1.25736e+02 	   -8.12000e+00
   1.26748e+02 	   -8.80778e+00
   1.27768e+02 	   -9.39133e+00
   1.28796e+02 	   -9.88102e+00
   1.29832e+02 	   -1.02889e+01
   1.30877e+02 	   -1.06288e+01
   1.31930e+02 	   -1.09105e+01
   1.32992e+02 	   -1.11399e+01
   1.34062e+02 	   -1.13232e+01
   1.35141e+02 	   -1.14680e+01
   1.36228e+02 	   -1.15825e+01
   1.37324e+02 	   -1.16725e+01
   1.38429e+02 	   -1.17415e+01
   1.39543e+02 	   -1.17929e+01
   1.40666e+02 	   -1.18310e+01
   1.41798e+02 	   -1.18601e+01
   1.42939e+02 	   -1.18830e+01
   1.44089e+02 	   -1.19012e+01
   1.45248e+02 	   -1.19166e+01
   1.46417e+02 	   -1.19313e+01
   1.47595e+02 	   -1.19471e+01
   1.48783e+02 	   -1.19647e+01
   1.49980e+02 	   -1.19849e+01
   1.51187e+02 	   -1.20081e+01
   1.52404e+02 	   -1.20351e+01
   1.53630e+02 	   -1.20662e+01
   1.54866e+02 	   -1.21014e+01
   1.56112e+02 	   -1.21406e+01
   1.57368e+02 	   -1.21838e+01
   1.58635e+02 	   -1.22309e+01
   1.59911e+02 	   -1.22812e+01
   1.61198e+02 	   -1.23344e+01
   1.62495e+02 	   -1.23898e+01
   1.63803e+02 	   -1.24469e+01
   1.65121e+02 	   -1.25050e+01
   1.66449e+02 	   -1.25636e+01
   1.67789e+02 	   -1.26220e+01
   1.69139e+02 	   -1.26795e+01
   1.70500e+02 	   -1.27355e+01
   1.71872e+02 	   -1.27894e+01
   1.73255e+02 	   -1.28404e+01
   1.74649e+02 	   -1.28878e+01
   1.76054e+02 	   -1.29310e+01
   1.77471e+02 	   -1.29696e+01
   1.78899e+02 	   -1.30030e+01
   1.80338e+02 	   -1.30306e+01
   1.81789e+02 	   -1.30524e+01
   1.83252e+02 	   -1.30679e+01
   1.84727e+02 	   -1.30772e+01
   1.86213e+02 	   -1.30803e+01
   1.87711e+02 	   -1.30778e+01
   1.89222e+02 	   -1.30702e+01
   1.90745e+02 	   -1.30583e+01
   1.92279e+02 	   -1.30433e+01
   1.93827e+02 	   -1.30265e+01
   1.95386e+02 	   -1.30092e+01
   1.96958e+02 	   -1.29922e+01
   1.98543e+02 	   -1.29762e+01
   2.00141e+02 	   -1.29617e+01
   2.01751e+02 	   -1.29488e+01
   2.03375e+02 	   -1.29375e+01
   2.05011e+02 	   -1.29272e+01
   2.06661e+02 	   -1.29156e+01
   2.08324e+02 	   -1.28958e+01
   2.10000e+02 	   -1.28592e+01
