#Omega_b = 0.050000
#Omega_m = 0.300000
#Omega_de = 0.680000
#hubble = 0.700000
#w0 = -0.800000
#wa = 0.200000
#sigma8 = 0.800000
#n_s = 0.960000
#
#R    R*R*xi_LIN(R) ;; R is in h^-1 Mpc,   R*R*xi_LIN(R) is in (h^-1 Mpc)^2.  
   7.00000e-02 	    1.40231e-01
   7.05633e-02 	    1.41934e-01
   7.11311e-02 	    1.43656e-01
   7.17034e-02 	    1.45400e-01
   7.22804e-02 	    1.47163e-01
   7.28620e-02 	    1.48948e-01
   7.34483e-02 	    1.50753e-01
   7.40393e-02 	    1.52579e-01
   7.46351e-02 	    1.54427e-01
   7.52356e-02 	    1.56296e-01
   7.58410e-02 	    1.58187e-01
   7.64513e-02 	    1.60100e-01
   7.70664e-02 	    1.62036e-01
   7.76866e-02 	    1.63994e-01
   7.83117e-02 	    1.65975e-01
   7.89418e-02 	    1.67978e-01
   7.95770e-02 	    1.70005e-01
   8.02173e-02 	    1.72056e-01
   8.08628e-02 	    1.74130e-01
   8.15135e-02 	    1.76229e-01
   8.21694e-02 	    1.78351e-01
   8.28306e-02 	    1.80499e-01
   8.34971e-02 	    1.82671e-01
   8.41689e-02 	    1.84868e-01
   8.48462e-02 	    1.87090e-01
   8.55289e-02 	    1.89338e-01
   8.62172e-02 	    1.91612e-01
   8.69109e-02 	    1.93911e-01
   8.76102e-02 	    1.96238e-01
   8.83152e-02 	    1.98590e-01
   8.90258e-02 	    2.00970e-01
   8.97422e-02 	    2.03377e-01
   9.04643e-02 	    2.05812e-01
   9.11922e-02 	    2.08274e-01
   9.19260e-02 	    2.10765e-01
   9.26657e-02 	    2.13284e-01
   9.34114e-02 	    2.15831e-01
   9.41630e-02 	    2.18408e-01
   9.49207e-02 	    2.21014e-01
   9.56845e-02 	    2.23650e-01
   9.64544e-02 	    2.26316e-01
   9.72305e-02 	    2.29013e-01
   9.80129e-02 	    2.31740e-01
   9.88016e-02 	    2.34498e-01
   9.95966e-02 	    2.37288e-01
   1.00398e-01 	    2.40109e-01
   1.01206e-01 	    2.42962e-01
   1.02020e-01 	    2.45848e-01
   1.02841e-01 	    2.48767e-01
   1.03669e-01 	    2.51719e-01
   1.04503e-01 	    2.54704e-01
   1.05344e-01 	    2.57724e-01
   1.06191e-01 	    2.60778e-01
   1.07046e-01 	    2.63866e-01
   1.07907e-01 	    2.66989e-01
   1.08776e-01 	    2.70148e-01
   1.09651e-01 	    2.73343e-01
   1.10533e-01 	    2.76574e-01
   1.11423e-01 	    2.79842e-01
   1.12319e-01 	    2.83147e-01
   1.13223e-01 	    2.86489e-01
   1.14134e-01 	    2.89869e-01
   1.15052e-01 	    2.93288e-01
   1.15978e-01 	    2.96744e-01
   1.16911e-01 	    3.00241e-01
   1.17852e-01 	    3.03776e-01
   1.18800e-01 	    3.07351e-01
   1.19756e-01 	    3.10967e-01
   1.20720e-01 	    3.14623e-01
   1.21691e-01 	    3.18321e-01
   1.22671e-01 	    3.22059e-01
   1.23658e-01 	    3.25840e-01
   1.24653e-01 	    3.29663e-01
   1.25656e-01 	    3.33529e-01
   1.26667e-01 	    3.37439e-01
   1.27686e-01 	    3.41392e-01
   1.28713e-01 	    3.45389e-01
   1.29749e-01 	    3.49430e-01
   1.30793e-01 	    3.53517e-01
   1.31846e-01 	    3.57649e-01
   1.32906e-01 	    3.61827e-01
   1.33976e-01 	    3.66051e-01
   1.35054e-01 	    3.70322e-01
   1.36141e-01 	    3.74641e-01
   1.37236e-01 	    3.79007e-01
   1.38340e-01 	    3.83421e-01
   1.39454e-01 	    3.87884e-01
   1.40576e-01 	    3.92397e-01
   1.41707e-01 	    3.96959e-01
   1.42847e-01 	    4.01571e-01
   1.43997e-01 	    4.06234e-01
   1.45155e-01 	    4.10948e-01
   1.46323e-01 	    4.15714e-01
   1.47501e-01 	    4.20533e-01
   1.48688e-01 	    4.25404e-01
   1.49884e-01 	    4.30328e-01
   1.51090e-01 	    4.35307e-01
   1.52306e-01 	    4.40340e-01
   1.53531e-01 	    4.45428e-01
   1.54767e-01 	    4.50571e-01
   1.56012e-01 	    4.55771e-01
   1.57267e-01 	    4.61028e-01
   1.58533e-01 	    4.66341e-01
   1.59809e-01 	    4.71713e-01
   1.61094e-01 	    4.77144e-01
   1.62391e-01 	    4.82633e-01
   1.63697e-01 	    4.88182e-01
   1.65015e-01 	    4.93792e-01
   1.66342e-01 	    4.99462e-01
   1.67681e-01 	    5.05194e-01
   1.69030e-01 	    5.10988e-01
   1.70390e-01 	    5.16846e-01
   1.71761e-01 	    5.22766e-01
   1.73143e-01 	    5.28751e-01
   1.74537e-01 	    5.34800e-01
   1.75941e-01 	    5.40915e-01
   1.77357e-01 	    5.47096e-01
   1.78784e-01 	    5.53344e-01
   1.80223e-01 	    5.59659e-01
   1.81673e-01 	    5.66042e-01
   1.83135e-01 	    5.72495e-01
   1.84608e-01 	    5.79016e-01
   1.86094e-01 	    5.85608e-01
   1.87591e-01 	    5.92270e-01
   1.89100e-01 	    5.99004e-01
   1.90622e-01 	    6.05810e-01
   1.92156e-01 	    6.12690e-01
   1.93702e-01 	    6.19642e-01
   1.95261e-01 	    6.26670e-01
   1.96832e-01 	    6.33772e-01
   1.98416e-01 	    6.40950e-01
   2.00012e-01 	    6.48204e-01
   2.01622e-01 	    6.55536e-01
   2.03244e-01 	    6.62946e-01
   2.04880e-01 	    6.70435e-01
   2.06528e-01 	    6.78003e-01
   2.08190e-01 	    6.85651e-01
   2.09865e-01 	    6.93381e-01
   2.11554e-01 	    7.01193e-01
   2.13256e-01 	    7.09087e-01
   2.14972e-01 	    7.17064e-01
   2.16702e-01 	    7.25126e-01
   2.18446e-01 	    7.33273e-01
   2.20203e-01 	    7.41506e-01
   2.21975e-01 	    7.49825e-01
   2.23761e-01 	    7.58232e-01
   2.25562e-01 	    7.66727e-01
   2.27377e-01 	    7.75311e-01
   2.29207e-01 	    7.83986e-01
   2.31051e-01 	    7.92751e-01
   2.32910e-01 	    8.01608e-01
   2.34784e-01 	    8.10558e-01
   2.36673e-01 	    8.19601e-01
   2.38578e-01 	    8.28738e-01
   2.40498e-01 	    8.37971e-01
   2.42433e-01 	    8.47300e-01
   2.44384e-01 	    8.56726e-01
   2.46350e-01 	    8.66249e-01
   2.48332e-01 	    8.75872e-01
   2.50330e-01 	    8.85595e-01
   2.52345e-01 	    8.95418e-01
   2.54375e-01 	    9.05343e-01
   2.56422e-01 	    9.15371e-01
   2.58485e-01 	    9.25502e-01
   2.60565e-01 	    9.35738e-01
   2.62662e-01 	    9.46080e-01
   2.64776e-01 	    9.56528e-01
   2.66906e-01 	    9.67083e-01
   2.69054e-01 	    9.77747e-01
   2.71219e-01 	    9.88521e-01
   2.73401e-01 	    9.99405e-01
   2.75601e-01 	    1.01040e+00
   2.77819e-01 	    1.02151e+00
   2.80054e-01 	    1.03273e+00
   2.82308e-01 	    1.04407e+00
   2.84579e-01 	    1.05552e+00
   2.86869e-01 	    1.06709e+00
   2.89178e-01 	    1.07878e+00
   2.91504e-01 	    1.09058e+00
   2.93850e-01 	    1.10251e+00
   2.96215e-01 	    1.11455e+00
   2.98598e-01 	    1.12672e+00
   3.01001e-01 	    1.13901e+00
   3.03423e-01 	    1.15143e+00
   3.05864e-01 	    1.16397e+00
   3.08325e-01 	    1.17664e+00
   3.10806e-01 	    1.18944e+00
   3.13307e-01 	    1.20236e+00
   3.15828e-01 	    1.21542e+00
   3.18370e-01 	    1.22860e+00
   3.20932e-01 	    1.24192e+00
   3.23514e-01 	    1.25537e+00
   3.26117e-01 	    1.26896e+00
   3.28741e-01 	    1.28268e+00
   3.31386e-01 	    1.29654e+00
   3.34053e-01 	    1.31054e+00
   3.36741e-01 	    1.32467e+00
   3.39451e-01 	    1.33895e+00
   3.42182e-01 	    1.35337e+00
   3.44935e-01 	    1.36793e+00
   3.47711e-01 	    1.38264e+00
   3.50509e-01 	    1.39749e+00
   3.53329e-01 	    1.41249e+00
   3.56172e-01 	    1.42764e+00
   3.59038e-01 	    1.44294e+00
   3.61927e-01 	    1.45838e+00
   3.64840e-01 	    1.47398e+00
   3.67775e-01 	    1.48974e+00
   3.70735e-01 	    1.50564e+00
   3.73718e-01 	    1.52171e+00
   3.76725e-01 	    1.53793e+00
   3.79756e-01 	    1.55431e+00
   3.82812e-01 	    1.57085e+00
   3.85892e-01 	    1.58755e+00
   3.88998e-01 	    1.60441e+00
   3.92128e-01 	    1.62144e+00
   3.95283e-01 	    1.63863e+00
   3.98464e-01 	    1.65599e+00
   4.01670e-01 	    1.67352e+00
   4.04902e-01 	    1.69122e+00
   4.08160e-01 	    1.70909e+00
   4.11444e-01 	    1.72713e+00
   4.14755e-01 	    1.74534e+00
   4.18092e-01 	    1.76373e+00
   4.21457e-01 	    1.78230e+00
   4.24848e-01 	    1.80105e+00
   4.28266e-01 	    1.81997e+00
   4.31713e-01 	    1.83908e+00
   4.35186e-01 	    1.85837e+00
   4.38688e-01 	    1.87784e+00
   4.42218e-01 	    1.89750e+00
   4.45776e-01 	    1.91735e+00
   4.49363e-01 	    1.93739e+00
   4.52979e-01 	    1.95761e+00
   4.56624e-01 	    1.97803e+00
   4.60298e-01 	    1.99864e+00
   4.64002e-01 	    2.01945e+00
   4.67736e-01 	    2.04045e+00
   4.71500e-01 	    2.06165e+00
   4.75294e-01 	    2.08305e+00
   4.79118e-01 	    2.10465e+00
   4.82973e-01 	    2.12646e+00
   4.86860e-01 	    2.14847e+00
   4.90777e-01 	    2.17068e+00
   4.94726e-01 	    2.19310e+00
   4.98707e-01 	    2.21573e+00
   5.02720e-01 	    2.23858e+00
   5.06765e-01 	    2.26163e+00
   5.10843e-01 	    2.28490e+00
   5.14953e-01 	    2.30838e+00
   5.19097e-01 	    2.33209e+00
   5.23274e-01 	    2.35601e+00
   5.27485e-01 	    2.38015e+00
   5.31729e-01 	    2.40451e+00
   5.36008e-01 	    2.42910e+00
   5.40321e-01 	    2.45392e+00
   5.44668e-01 	    2.47896e+00
   5.49051e-01 	    2.50423e+00
   5.53469e-01 	    2.52973e+00
   5.57923e-01 	    2.55546e+00
   5.62412e-01 	    2.58143e+00
   5.66937e-01 	    2.60764e+00
   5.71499e-01 	    2.63408e+00
   5.76098e-01 	    2.66076e+00
   5.80734e-01 	    2.68769e+00
   5.85406e-01 	    2.71485e+00
   5.90117e-01 	    2.74226e+00
   5.94865e-01 	    2.76992e+00
   5.99652e-01 	    2.79783e+00
   6.04477e-01 	    2.82599e+00
   6.09341e-01 	    2.85440e+00
   6.14244e-01 	    2.88306e+00
   6.19187e-01 	    2.91198e+00
   6.24169e-01 	    2.94116e+00
   6.29192e-01 	    2.97060e+00
   6.34254e-01 	    3.00030e+00
   6.39358e-01 	    3.03026e+00
   6.44503e-01 	    3.06049e+00
   6.49689e-01 	    3.09098e+00
   6.54917e-01 	    3.12174e+00
   6.60186e-01 	    3.15278e+00
   6.65499e-01 	    3.18409e+00
   6.70854e-01 	    3.21567e+00
   6.76252e-01 	    3.24753e+00
   6.81693e-01 	    3.27966e+00
   6.87179e-01 	    3.31208e+00
   6.92708e-01 	    3.34478e+00
   6.98282e-01 	    3.37777e+00
   7.03901e-01 	    3.41104e+00
   7.09565e-01 	    3.44460e+00
   7.15274e-01 	    3.47845e+00
   7.21030e-01 	    3.51259e+00
   7.26832e-01 	    3.54703e+00
   7.32680e-01 	    3.58176e+00
   7.38576e-01 	    3.61679e+00
   7.44519e-01 	    3.65212e+00
   7.50509e-01 	    3.68775e+00
   7.56549e-01 	    3.72369e+00
   7.62636e-01 	    3.75993e+00
   7.68773e-01 	    3.79648e+00
   7.74959e-01 	    3.83334e+00
   7.81195e-01 	    3.87051e+00
   7.87480e-01 	    3.90799e+00
   7.93817e-01 	    3.94579e+00
   8.00205e-01 	    3.98391e+00
   8.06643e-01 	    4.02234e+00
   8.13134e-01 	    4.06110e+00
   8.19677e-01 	    4.10018e+00
   8.26273e-01 	    4.13959e+00
   8.32921e-01 	    4.17932e+00
   8.39624e-01 	    4.21938e+00
   8.46380e-01 	    4.25978e+00
   8.53190e-01 	    4.30050e+00
   8.60055e-01 	    4.34156e+00
   8.66976e-01 	    4.38296e+00
   8.73952e-01 	    4.42470e+00
   8.80984e-01 	    4.46678e+00
   8.88073e-01 	    4.50920e+00
   8.95219e-01 	    4.55196e+00
   9.02423e-01 	    4.59508e+00
   9.09684e-01 	    4.63854e+00
   9.17004e-01 	    4.68235e+00
   9.24383e-01 	    4.72651e+00
   9.31821e-01 	    4.77103e+00
   9.39319e-01 	    4.81591e+00
   9.46877e-01 	    4.86114e+00
   9.54496e-01 	    4.90674e+00
   9.62177e-01 	    4.95270e+00
   9.69919e-01 	    4.99902e+00
   9.77723e-01 	    5.04572e+00
   9.85591e-01 	    5.09278e+00
   9.93521e-01 	    5.14021e+00
   1.00152e+00 	    5.18801e+00
   1.00957e+00 	    5.23619e+00
   1.01770e+00 	    5.28475e+00
   1.02589e+00 	    5.33368e+00
   1.03414e+00 	    5.38300e+00
   1.04246e+00 	    5.43270e+00
   1.05085e+00 	    5.48279e+00
   1.05931e+00 	    5.53326e+00
   1.06783e+00 	    5.58412e+00
   1.07642e+00 	    5.63537e+00
   1.08509e+00 	    5.68702e+00
   1.09382e+00 	    5.73906e+00
   1.10262e+00 	    5.79150e+00
   1.11149e+00 	    5.84434e+00
   1.12043e+00 	    5.89758e+00
   1.12945e+00 	    5.95123e+00
   1.13854e+00 	    6.00528e+00
   1.14770e+00 	    6.05973e+00
   1.15693e+00 	    6.11460e+00
   1.16624e+00 	    6.16987e+00
   1.17563e+00 	    6.22556e+00
   1.18509e+00 	    6.28167e+00
   1.19462e+00 	    6.33819e+00
   1.20424e+00 	    6.39513e+00
   1.21393e+00 	    6.45248e+00
   1.22369e+00 	    6.51026e+00
   1.23354e+00 	    6.56847e+00
   1.24347e+00 	    6.62710e+00
   1.25347e+00 	    6.68616e+00
   1.26356e+00 	    6.74564e+00
   1.27373e+00 	    6.80556e+00
   1.28397e+00 	    6.86591e+00
   1.29431e+00 	    6.92669e+00
   1.30472e+00 	    6.98791e+00
   1.31522e+00 	    7.04957e+00
   1.32580e+00 	    7.11166e+00
   1.33647e+00 	    7.17420e+00
   1.34722e+00 	    7.23718e+00
   1.35807e+00 	    7.30060e+00
   1.36899e+00 	    7.36447e+00
   1.38001e+00 	    7.42879e+00
   1.39111e+00 	    7.49355e+00
   1.40231e+00 	    7.55877e+00
   1.41359e+00 	    7.62443e+00
   1.42497e+00 	    7.69055e+00
   1.43643e+00 	    7.75713e+00
   1.44799e+00 	    7.82416e+00
   1.45964e+00 	    7.89165e+00
   1.47139e+00 	    7.95960e+00
   1.48323e+00 	    8.02801e+00
   1.49516e+00 	    8.09688e+00
   1.50719e+00 	    8.16621e+00
   1.51932e+00 	    8.23601e+00
   1.53154e+00 	    8.30628e+00
   1.54387e+00 	    8.37702e+00
   1.55629e+00 	    8.44822e+00
   1.56881e+00 	    8.51989e+00
   1.58144e+00 	    8.59204e+00
   1.59416e+00 	    8.66466e+00
   1.60699e+00 	    8.73775e+00
   1.61992e+00 	    8.81131e+00
   1.63296e+00 	    8.88536e+00
   1.64610e+00 	    8.95988e+00
   1.65934e+00 	    9.03488e+00
   1.67269e+00 	    9.11036e+00
   1.68615e+00 	    9.18632e+00
   1.69972e+00 	    9.26276e+00
   1.71340e+00 	    9.33969e+00
   1.72718e+00 	    9.41710e+00
   1.74108e+00 	    9.49500e+00
   1.75509e+00 	    9.57338e+00
   1.76921e+00 	    9.65224e+00
   1.78345e+00 	    9.73160e+00
   1.79780e+00 	    9.81144e+00
   1.81227e+00 	    9.89177e+00
   1.82685e+00 	    9.97260e+00
   1.84155e+00 	    1.00539e+01
   1.85637e+00 	    1.01357e+01
   1.87131e+00 	    1.02180e+01
   1.88636e+00 	    1.03008e+01
   1.90154e+00 	    1.03841e+01
   1.91684e+00 	    1.04679e+01
   1.93227e+00 	    1.05521e+01
   1.94782e+00 	    1.06369e+01
   1.96349e+00 	    1.07221e+01
   1.97929e+00 	    1.08079e+01
   1.99521e+00 	    1.08941e+01
   2.01127e+00 	    1.09809e+01
   2.02745e+00 	    1.10681e+01
   2.04377e+00 	    1.11559e+01
   2.06021e+00 	    1.12441e+01
   2.07679e+00 	    1.13328e+01
   2.09350e+00 	    1.14220e+01
   2.11035e+00 	    1.15118e+01
   2.12733e+00 	    1.16020e+01
   2.14445e+00 	    1.16927e+01
   2.16170e+00 	    1.17839e+01
   2.17910e+00 	    1.18756e+01
   2.19663e+00 	    1.19678e+01
   2.21430e+00 	    1.20605e+01
   2.23212e+00 	    1.21537e+01
   2.25008e+00 	    1.22474e+01
   2.26819e+00 	    1.23415e+01
   2.28644e+00 	    1.24362e+01
   2.30484e+00 	    1.25314e+01
   2.32338e+00 	    1.26270e+01
   2.34208e+00 	    1.27232e+01
   2.36093e+00 	    1.28198e+01
   2.37992e+00 	    1.29169e+01
   2.39907e+00 	    1.30145e+01
   2.41838e+00 	    1.31126e+01
   2.43784e+00 	    1.32112e+01
   2.45745e+00 	    1.33103e+01
   2.47723e+00 	    1.34099e+01
   2.49716e+00 	    1.35099e+01
   2.51725e+00 	    1.36104e+01
   2.53751e+00 	    1.37115e+01
   2.55793e+00 	    1.38129e+01
   2.57851e+00 	    1.39149e+01
   2.59926e+00 	    1.40174e+01
   2.62017e+00 	    1.41203e+01
   2.64126e+00 	    1.42237e+01
   2.66251e+00 	    1.43276e+01
   2.68393e+00 	    1.44319e+01
   2.70553e+00 	    1.45367e+01
   2.72730e+00 	    1.46420e+01
   2.74925e+00 	    1.47478e+01
   2.77137e+00 	    1.48540e+01
   2.79367e+00 	    1.49607e+01
   2.81615e+00 	    1.50678e+01
   2.83881e+00 	    1.51754e+01
   2.86165e+00 	    1.52835e+01
   2.88468e+00 	    1.53920e+01
   2.90789e+00 	    1.55009e+01
   2.93129e+00 	    1.56104e+01
   2.95487e+00 	    1.57202e+01
   2.97865e+00 	    1.58305e+01
   3.00262e+00 	    1.59413e+01
   3.02678e+00 	    1.60524e+01
   3.05114e+00 	    1.61641e+01
   3.07569e+00 	    1.62761e+01
   3.10044e+00 	    1.63886e+01
   3.12538e+00 	    1.65015e+01
   3.15053e+00 	    1.66149e+01
   3.17588e+00 	    1.67286e+01
   3.20144e+00 	    1.68428e+01
   3.22720e+00 	    1.69574e+01
   3.25317e+00 	    1.70724e+01
   3.27934e+00 	    1.71878e+01
   3.30573e+00 	    1.73036e+01
   3.33233e+00 	    1.74198e+01
   3.35914e+00 	    1.75364e+01
   3.38617e+00 	    1.76534e+01
   3.41342e+00 	    1.77708e+01
   3.44089e+00 	    1.78886e+01
   3.46858e+00 	    1.80067e+01
   3.49649e+00 	    1.81253e+01
   3.52462e+00 	    1.82442e+01
   3.55298e+00 	    1.83634e+01
   3.58157e+00 	    1.84831e+01
   3.61039e+00 	    1.86030e+01
   3.63944e+00 	    1.87234e+01
   3.66873e+00 	    1.88441e+01
   3.69825e+00 	    1.89651e+01
   3.72801e+00 	    1.90865e+01
   3.75800e+00 	    1.92082e+01
   3.78824e+00 	    1.93302e+01
   3.81872e+00 	    1.94526e+01
   3.84945e+00 	    1.95753e+01
   3.88043e+00 	    1.96983e+01
   3.91165e+00 	    1.98216e+01
   3.94313e+00 	    1.99452e+01
   3.97486e+00 	    2.00691e+01
   4.00684e+00 	    2.01933e+01
   4.03908e+00 	    2.03178e+01
   4.07158e+00 	    2.04425e+01
   4.10434e+00 	    2.05676e+01
   4.13737e+00 	    2.06929e+01
   4.17066e+00 	    2.08184e+01
   4.20422e+00 	    2.09443e+01
   4.23805e+00 	    2.10703e+01
   4.27215e+00 	    2.11966e+01
   4.30653e+00 	    2.13232e+01
   4.34118e+00 	    2.14499e+01
   4.37611e+00 	    2.15769e+01
   4.41133e+00 	    2.17041e+01
   4.44682e+00 	    2.18315e+01
   4.48260e+00 	    2.19592e+01
   4.51867e+00 	    2.20870e+01
   4.55503e+00 	    2.22149e+01
   4.59169e+00 	    2.23431e+01
   4.62863e+00 	    2.24714e+01
   4.66588e+00 	    2.25999e+01
   4.70342e+00 	    2.27286e+01
   4.74127e+00 	    2.28574e+01
   4.77942e+00 	    2.29864e+01
   4.81788e+00 	    2.31154e+01
   4.85665e+00 	    2.32446e+01
   4.89573e+00 	    2.33740e+01
   4.93512e+00 	    2.35034e+01
   4.97483e+00 	    2.36329e+01
   5.01486e+00 	    2.37625e+01
   5.05521e+00 	    2.38922e+01
   5.09589e+00 	    2.40220e+01
   5.13689e+00 	    2.41518e+01
   5.17823e+00 	    2.42817e+01
   5.21990e+00 	    2.44117e+01
   5.26190e+00 	    2.45417e+01
   5.30424e+00 	    2.46717e+01
   5.34692e+00 	    2.48017e+01
   5.38994e+00 	    2.49318e+01
   5.43331e+00 	    2.50618e+01
   5.47703e+00 	    2.51919e+01
   5.52111e+00 	    2.53219e+01
   5.56553e+00 	    2.54519e+01
   5.61032e+00 	    2.55818e+01
   5.65546e+00 	    2.57118e+01
   5.70097e+00 	    2.58416e+01
   5.74684e+00 	    2.59714e+01
   5.79308e+00 	    2.61011e+01
   5.83970e+00 	    2.62307e+01
   5.88669e+00 	    2.63603e+01
   5.93405e+00 	    2.64897e+01
   5.98180e+00 	    2.66190e+01
   6.02994e+00 	    2.67481e+01
   6.07846e+00 	    2.68772e+01
   6.12737e+00 	    2.70060e+01
   6.17667e+00 	    2.71348e+01
   6.22637e+00 	    2.72633e+01
   6.27647e+00 	    2.73917e+01
   6.32698e+00 	    2.75198e+01
   6.37789e+00 	    2.76478e+01
   6.42921e+00 	    2.77755e+01
   6.48094e+00 	    2.79031e+01
   6.53309e+00 	    2.80303e+01
   6.58566e+00 	    2.81574e+01
   6.63865e+00 	    2.82841e+01
   6.69207e+00 	    2.84106e+01
   6.74592e+00 	    2.85368e+01
   6.80020e+00 	    2.86627e+01
   6.85492e+00 	    2.87882e+01
   6.91008e+00 	    2.89135e+01
   6.96568e+00 	    2.90384e+01
   7.02173e+00 	    2.91629e+01
   7.07823e+00 	    2.92871e+01
   7.13519e+00 	    2.94109e+01
   7.19260e+00 	    2.95343e+01
   7.25048e+00 	    2.96574e+01
   7.30882e+00 	    2.97800e+01
   7.36763e+00 	    2.99021e+01
   7.42691e+00 	    3.00238e+01
   7.48667e+00 	    3.01451e+01
   7.54692e+00 	    3.02659e+01
   7.60764e+00 	    3.03862e+01
   7.66886e+00 	    3.05060e+01
   7.73057e+00 	    3.06254e+01
   7.79277e+00 	    3.07441e+01
   7.85548e+00 	    3.08624e+01
   7.91869e+00 	    3.09801e+01
   7.98240e+00 	    3.10972e+01
   8.04664e+00 	    3.12138e+01
   8.11138e+00 	    3.13297e+01
   8.17665e+00 	    3.14451e+01
   8.24245e+00 	    3.15598e+01
   8.30877e+00 	    3.16739e+01
   8.37563e+00 	    3.17873e+01
   8.44302e+00 	    3.19001e+01
   8.51096e+00 	    3.20122e+01
   8.57944e+00 	    3.21235e+01
   8.64848e+00 	    3.22342e+01
   8.71807e+00 	    3.23441e+01
   8.78822e+00 	    3.24533e+01
   8.85894e+00 	    3.25617e+01
   8.93022e+00 	    3.26693e+01
   9.00208e+00 	    3.27761e+01
   9.07451e+00 	    3.28822e+01
   9.14753e+00 	    3.29873e+01
   9.22114e+00 	    3.30916e+01
   9.29534e+00 	    3.31951e+01
   9.37013e+00 	    3.32976e+01
   9.44553e+00 	    3.33993e+01
   9.52154e+00 	    3.35000e+01
   9.59815e+00 	    3.35997e+01
   9.67538e+00 	    3.36985e+01
   9.75324e+00 	    3.37964e+01
   9.83172e+00 	    3.38932e+01
   9.91083e+00 	    3.39889e+01
   9.99058e+00 	    3.40837e+01
   1.00710e+01 	    3.41773e+01
   1.01520e+01 	    3.42699e+01
   1.02337e+01 	    3.43613e+01
   1.03160e+01 	    3.44516e+01
   1.03990e+01 	    3.45408e+01
   1.04827e+01 	    3.46287e+01
   1.05671e+01 	    3.47154e+01
   1.06521e+01 	    3.48009e+01
   1.07378e+01 	    3.48852e+01
   1.08242e+01 	    3.49681e+01
   1.09113e+01 	    3.50497e+01
   1.09991e+01 	    3.51300e+01
   1.10876e+01 	    3.52089e+01
   1.11768e+01 	    3.52864e+01
   1.12668e+01 	    3.53625e+01
   1.13574e+01 	    3.54371e+01
   1.14488e+01 	    3.55103e+01
   1.15409e+01 	    3.55820e+01
   1.16338e+01 	    3.56522e+01
   1.17274e+01 	    3.57210e+01
   1.18218e+01 	    3.57883e+01
   1.19169e+01 	    3.58541e+01
   1.20128e+01 	    3.59184e+01
   1.21095e+01 	    3.59812e+01
   1.22069e+01 	    3.60425e+01
   1.23051e+01 	    3.61022e+01
   1.24041e+01 	    3.61605e+01
   1.25040e+01 	    3.62172e+01
   1.26046e+01 	    3.62724e+01
   1.27060e+01 	    3.63261e+01
   1.28082e+01 	    3.63782e+01
   1.29113e+01 	    3.64289e+01
   1.30152e+01 	    3.64780e+01
   1.31199e+01 	    3.65255e+01
   1.32255e+01 	    3.65716e+01
   1.33319e+01 	    3.66161e+01
   1.34392e+01 	    3.66591e+01
   1.35473e+01 	    3.67006e+01
   1.36563e+01 	    3.67406e+01
   1.37662e+01 	    3.67791e+01
   1.38770e+01 	    3.68161e+01
   1.39887e+01 	    3.68516e+01
   1.41012e+01 	    3.68857e+01
   1.42147e+01 	    3.69183e+01
   1.43291e+01 	    3.69494e+01
   1.44444e+01 	    3.69790e+01
   1.45606e+01 	    3.70071e+01
   1.46777e+01 	    3.70338e+01
   1.47959e+01 	    3.70589e+01
   1.49149e+01 	    3.70825e+01
   1.50349e+01 	    3.71047e+01
   1.51559e+01 	    3.71253e+01
   1.52779e+01 	    3.71444e+01
   1.54008e+01 	    3.71620e+01
   1.55247e+01 	    3.71781e+01
   1.56496e+01 	    3.71926e+01
   1.57756e+01 	    3.72055e+01
   1.59025e+01 	    3.72170e+01
   1.60305e+01 	    3.72268e+01
   1.61595e+01 	    3.72351e+01
   1.62895e+01 	    3.72419e+01
   1.64206e+01 	    3.72470e+01
   1.65527e+01 	    3.72506e+01
   1.66859e+01 	    3.72525e+01
   1.68201e+01 	    3.72529e+01
   1.69555e+01 	    3.72516e+01
   1.70919e+01 	    3.72487e+01
   1.72295e+01 	    3.72442e+01
   1.73681e+01 	    3.72380e+01
   1.75078e+01 	    3.72301e+01
   1.76487e+01 	    3.72206e+01
   1.77907e+01 	    3.72094e+01
   1.79339e+01 	    3.71964e+01
   1.80782e+01 	    3.71818e+01
   1.82237e+01 	    3.71654e+01
   1.83703e+01 	    3.71473e+01
   1.85181e+01 	    3.71274e+01
   1.86671e+01 	    3.71057e+01
   1.88173e+01 	    3.70822e+01
   1.89688e+01 	    3.70569e+01
   1.91214e+01 	    3.70298e+01
   1.92752e+01 	    3.70009e+01
   1.94303e+01 	    3.69700e+01
   1.95867e+01 	    3.69373e+01
   1.97443e+01 	    3.69026e+01
   1.99032e+01 	    3.68660e+01
   2.00633e+01 	    3.68275e+01
   2.02248e+01 	    3.67869e+01
   2.03875e+01 	    3.67443e+01
   2.05516e+01 	    3.66996e+01
   2.07169e+01 	    3.66528e+01
   2.08836e+01 	    3.66038e+01
   2.10517e+01 	    3.65527e+01
   2.12211e+01 	    3.64993e+01
   2.13918e+01 	    3.64437e+01
   2.15640e+01 	    3.63857e+01
   2.17375e+01 	    3.63253e+01
   2.19124e+01 	    3.62625e+01
   2.20887e+01 	    3.61972e+01
   2.22664e+01 	    3.61293e+01
   2.24456e+01 	    3.60589e+01
   2.26262e+01 	    3.59858e+01
   2.28083e+01 	    3.59101e+01
   2.29918e+01 	    3.58319e+01
   2.31768e+01 	    3.57511e+01
   2.33633e+01 	    3.56678e+01
   2.35513e+01 	    3.55820e+01
   2.37408e+01 	    3.54938e+01
   2.39318e+01 	    3.54032e+01
   2.41244e+01 	    3.53101e+01
   2.43185e+01 	    3.52148e+01
   2.45142e+01 	    3.51171e+01
   2.47115e+01 	    3.50171e+01
   2.49103e+01 	    3.49150e+01
   2.51108e+01 	    3.48106e+01
   2.53128e+01 	    3.47042e+01
   2.55165e+01 	    3.45956e+01
   2.57218e+01 	    3.44850e+01
   2.59288e+01 	    3.43725e+01
   2.61374e+01 	    3.42581e+01
   2.63477e+01 	    3.41418e+01
   2.65598e+01 	    3.40237e+01
   2.67735e+01 	    3.39039e+01
   2.69889e+01 	    3.37825e+01
   2.72061e+01 	    3.36595e+01
   2.74250e+01 	    3.35350e+01
   2.76457e+01 	    3.34091e+01
   2.78681e+01 	    3.32819e+01
   2.80924e+01 	    3.31534e+01
   2.83184e+01 	    3.30237e+01
   2.85463e+01 	    3.28929e+01
   2.87760e+01 	    3.27609e+01
   2.90075e+01 	    3.26277e+01
   2.92409e+01 	    3.24934e+01
   2.94762e+01 	    3.23579e+01
   2.97134e+01 	    3.22213e+01
   2.99525e+01 	    3.20835e+01
   3.01935e+01 	    3.19446e+01
   3.04365e+01 	    3.18044e+01
   3.06814e+01 	    3.16631e+01
   3.09283e+01 	    3.15206e+01
   3.11771e+01 	    3.13768e+01
   3.14280e+01 	    3.12318e+01
   3.16809e+01 	    3.10854e+01
   3.19358e+01 	    3.09378e+01
   3.21928e+01 	    3.07888e+01
   3.24518e+01 	    3.06383e+01
   3.27129e+01 	    3.04864e+01
   3.29762e+01 	    3.03330e+01
   3.32415e+01 	    3.01780e+01
   3.35090e+01 	    3.00214e+01
   3.37786e+01 	    2.98630e+01
   3.40504e+01 	    2.97029e+01
   3.43244e+01 	    2.95408e+01
   3.46006e+01 	    2.93768e+01
   3.48790e+01 	    2.92106e+01
   3.51597e+01 	    2.90423e+01
   3.54426e+01 	    2.88716e+01
   3.57278e+01 	    2.86985e+01
   3.60153e+01 	    2.85231e+01
   3.63051e+01 	    2.83455e+01
   3.65972e+01 	    2.81655e+01
   3.68917e+01 	    2.79835e+01
   3.71886e+01 	    2.77992e+01
   3.74878e+01 	    2.76129e+01
   3.77894e+01 	    2.74246e+01
   3.80935e+01 	    2.72344e+01
   3.84000e+01 	    2.70423e+01
   3.87090e+01 	    2.68483e+01
   3.90205e+01 	    2.66526e+01
   3.93345e+01 	    2.64552e+01
   3.96510e+01 	    2.62562e+01
   3.99701e+01 	    2.60557e+01
   4.02917e+01 	    2.58537e+01
   4.06159e+01 	    2.56503e+01
   4.09427e+01 	    2.54456e+01
   4.12722e+01 	    2.52397e+01
   4.16043e+01 	    2.50326e+01
   4.19390e+01 	    2.48245e+01
   4.22765e+01 	    2.46155e+01
   4.26167e+01 	    2.44055e+01
   4.29596e+01 	    2.41948e+01
   4.33053e+01 	    2.39834e+01
   4.36537e+01 	    2.37714e+01
   4.40050e+01 	    2.35589e+01
   4.43591e+01 	    2.33461e+01
   4.47160e+01 	    2.31329e+01
   4.50758e+01 	    2.29195e+01
   4.54385e+01 	    2.27059e+01
   4.58042e+01 	    2.24921e+01
   4.61727e+01 	    2.22780e+01
   4.65443e+01 	    2.20638e+01
   4.69188e+01 	    2.18493e+01
   4.72963e+01 	    2.16346e+01
   4.76769e+01 	    2.14197e+01
   4.80605e+01 	    2.12045e+01
   4.84473e+01 	    2.09890e+01
   4.88371e+01 	    2.07732e+01
   4.92301e+01 	    2.05571e+01
   4.96262e+01 	    2.03405e+01
   5.00255e+01 	    2.01235e+01
   5.04280e+01 	    1.99060e+01
   5.08338e+01 	    1.96879e+01
   5.12429e+01 	    1.94691e+01
   5.16552e+01 	    1.92496e+01
   5.20708e+01 	    1.90292e+01
   5.24898e+01 	    1.88078e+01
   5.29122e+01 	    1.85854e+01
   5.33380e+01 	    1.83617e+01
   5.37671e+01 	    1.81367e+01
   5.41998e+01 	    1.79102e+01
   5.46359e+01 	    1.76820e+01
   5.50755e+01 	    1.74519e+01
   5.55187e+01 	    1.72198e+01
   5.59654e+01 	    1.69854e+01
   5.64158e+01 	    1.67507e+01
   5.68697e+01 	    1.65182e+01
   5.73273e+01 	    1.62881e+01
   5.77886e+01 	    1.60602e+01
   5.82536e+01 	    1.58345e+01
   5.87224e+01 	    1.56107e+01
   5.91949e+01 	    1.53887e+01
   5.96712e+01 	    1.51682e+01
   6.01514e+01 	    1.49488e+01
   6.06354e+01 	    1.47301e+01
   6.11233e+01 	    1.45116e+01
   6.16151e+01 	    1.42928e+01
   6.21109e+01 	    1.40734e+01
   6.26107e+01 	    1.38531e+01
   6.31145e+01 	    1.36319e+01
   6.36223e+01 	    1.34094e+01
   6.41343e+01 	    1.31856e+01
   6.46503e+01 	    1.29600e+01
   6.51706e+01 	    1.27323e+01
   6.56950e+01 	    1.25021e+01
   6.62236e+01 	    1.22689e+01
   6.67564e+01 	    1.20321e+01
   6.72936e+01 	    1.17916e+01
   6.78351e+01 	    1.15477e+01
   6.83809e+01 	    1.13012e+01
   6.89312e+01 	    1.10526e+01
   6.94858e+01 	    1.08027e+01
   7.00450e+01 	    1.05522e+01
   7.06086e+01 	    1.03021e+01
   7.11767e+01 	    1.00532e+01
   7.17495e+01 	    9.80652e+00
   7.23268e+01 	    9.56313e+00
   7.29088e+01 	    9.32310e+00
   7.34954e+01 	    9.08588e+00
   7.40868e+01 	    8.85081e+00
   7.46830e+01 	    8.61710e+00
   7.52839e+01 	    8.38386e+00
   7.58897e+01 	    8.15006e+00
   7.65004e+01 	    7.91452e+00
   7.71159e+01 	    7.67590e+00
   7.77364e+01 	    7.43296e+00
   7.83620e+01 	    7.18611e+00
   7.89925e+01 	    6.93668e+00
   7.96281e+01 	    6.68614e+00
   8.02689e+01 	    6.43613e+00
   8.09147e+01 	    6.18843e+00
   8.15658e+01 	    5.94503e+00
   8.22222e+01 	    5.70809e+00
   8.28838e+01 	    5.48008e+00
   8.35507e+01 	    5.26628e+00
   8.42230e+01 	    5.07513e+00
   8.49007e+01 	    4.91607e+00
   8.55839e+01 	    4.79950e+00
   8.62725e+01 	    4.73680e+00
   8.69667e+01 	    4.74047e+00
   8.76665e+01 	    4.82414e+00
   8.83719e+01 	    5.00171e+00
   8.90830e+01 	    5.27849e+00
   8.97998e+01 	    5.65441e+00
   9.05224e+01 	    6.12886e+00
   9.12508e+01 	    6.70071e+00
   9.19851e+01 	    7.36828e+00
   9.27252e+01 	    8.12928e+00
   9.34713e+01 	    8.98058e+00
   9.42235e+01 	    9.91207e+00
   9.49817e+01 	    1.09038e+01
   9.57459e+01 	    1.19328e+01
   9.65164e+01 	    1.29729e+01
   9.72930e+01 	    1.39953e+01
   9.80759e+01 	    1.49676e+01
   9.88650e+01 	    1.58546e+01
   9.96606e+01 	    1.66308e+01
   1.00462e+02 	    1.72830e+01
   1.01271e+02 	    1.77975e+01
   1.02086e+02 	    1.81599e+01
   1.02907e+02 	    1.83547e+01
   1.03735e+02 	    1.83655e+01
   1.04570e+02 	    1.81790e+01
   1.05411e+02 	    1.78029e+01
   1.06260e+02 	    1.72533e+01
   1.07115e+02 	    1.65490e+01
   1.07977e+02 	    1.57121e+01
   1.08845e+02 	    1.47673e+01
   1.09721e+02 	    1.37422e+01
   1.10604e+02 	    1.26565e+01
   1.11494e+02 	    1.15263e+01
   1.12391e+02 	    1.03695e+01
   1.13296e+02 	    9.20598e+00
   1.14207e+02 	    8.05812e+00
   1.15126e+02 	    6.94864e+00
   1.16053e+02 	    5.88582e+00
   1.16986e+02 	    4.87018e+00
   1.17928e+02 	    3.90198e+00
   1.18877e+02 	    2.98117e+00
   1.19833e+02 	    2.10738e+00
   1.20797e+02 	    1.28023e+00
   1.21769e+02 	    4.99921e-01
   1.22749e+02 	   -2.33440e-01
   1.23737e+02 	   -9.20025e-01
   1.24733e+02 	   -1.56031e+00
   1.25736e+02 	   -2.15502e+00
   1.26748e+02 	   -2.70429e+00
   1.27768e+02 	   -3.20795e+00
   1.28796e+02 	   -3.66606e+00
   1.29832e+02 	   -4.07897e+00
   1.30877e+02 	   -4.44736e+00
   1.31930e+02 	   -4.77379e+00
   1.32992e+02 	   -5.06286e+00
   1.34062e+02 	   -5.32001e+00
   1.35141e+02 	   -5.55148e+00
   1.36228e+02 	   -5.76418e+00
   1.37324e+02 	   -5.96160e+00
   1.38429e+02 	   -6.14350e+00
   1.39543e+02 	   -6.30954e+00
   1.40666e+02 	   -6.45942e+00
   1.41798e+02 	   -6.59288e+00
   1.42939e+02 	   -6.70943e+00
   1.44089e+02 	   -6.80849e+00
   1.45248e+02 	   -6.88949e+00
   1.46417e+02 	   -6.95187e+00
   1.47595e+02 	   -6.99605e+00
   1.48783e+02 	   -7.02525e+00
   1.49980e+02 	   -7.04364e+00
   1.51187e+02 	   -7.05592e+00
   1.52404e+02 	   -7.06703e+00
   1.53630e+02 	   -7.07834e+00
   1.54866e+02 	   -7.08864e+00
   1.56112e+02 	   -7.09654e+00
   1.57368e+02 	   -7.10050e+00
   1.58635e+02 	   -7.09900e+00
   1.59911e+02 	   -7.09061e+00
   1.61198e+02 	   -7.07377e+00
   1.62495e+02 	   -7.04679e+00
   1.63803e+02 	   -7.00956e+00
   1.65121e+02 	   -6.96568e+00
   1.66449e+02 	   -6.91973e+00
   1.67789e+02 	   -6.87680e+00
   1.69139e+02 	   -6.84042e+00
   1.70500e+02 	   -6.80959e+00
   1.71872e+02 	   -6.78251e+00
   1.73255e+02 	   -6.75711e+00
   1.74649e+02 	   -6.73141e+00
   1.76054e+02 	   -6.70373e+00
   1.77471e+02 	   -6.67222e+00
   1.78899e+02 	   -6.63499e+00
   1.80338e+02 	   -6.59255e+00
   1.81789e+02 	   -6.54801e+00
   1.83252e+02 	   -6.50494e+00
   1.84727e+02 	   -6.46670e+00
   1.86213e+02 	   -6.43338e+00
   1.87711e+02 	   -6.40360e+00
   1.89222e+02 	   -6.37582e+00
   1.90745e+02 	   -6.34767e+00
   1.92279e+02 	   -6.31549e+00
   1.93827e+02 	   -6.27508e+00
   1.95386e+02 	   -6.22279e+00
   1.96958e+02 	   -6.16119e+00
   1.98543e+02 	   -6.09588e+00
   2.00141e+02 	   -6.03308e+00
   2.01751e+02 	   -5.97758e+00
   2.03375e+02 	   -5.93233e+00
   2.05011e+02 	   -5.90047e+00
   2.06661e+02 	   -5.88084e+00
   2.08324e+02 	   -5.86140e+00
   2.10000e+02 	   -5.82718e+00
