#Omega_b = 0.050000
#Omega_m = 0.300000
#Omega_de = 0.680000
#hubble = 0.700000
#w0 = -0.800000
#wa = 0.200000
#sigma8 = 0.800000
#n_s = 0.960000
#
#R    R*R*xiHM(R) ;; R is in h^-1 Mpc,   R*R*xiHM(R) is in (h^-1 Mpc)^2.   COMOVING!!!  M=1e14 h^-1 Msun, c=5.0 
   7.00000e-02 	    7.99221e+01
   7.05633e-02 	    8.02589e+01
   7.11311e-02 	    8.05953e+01
   7.17034e-02 	    8.09311e+01
   7.22804e-02 	    8.12664e+01
   7.28620e-02 	    8.16012e+01
   7.34483e-02 	    8.19354e+01
   7.40393e-02 	    8.22691e+01
   7.46351e-02 	    8.26021e+01
   7.52356e-02 	    8.29345e+01
   7.58410e-02 	    8.32662e+01
   7.64513e-02 	    8.35972e+01
   7.70664e-02 	    8.39274e+01
   7.76866e-02 	    8.42570e+01
   7.83117e-02 	    8.45857e+01
   7.89418e-02 	    8.49137e+01
   7.95770e-02 	    8.52408e+01
   8.02173e-02 	    8.55670e+01
   8.08628e-02 	    8.58924e+01
   8.15135e-02 	    8.62169e+01
   8.21694e-02 	    8.65404e+01
   8.28306e-02 	    8.68629e+01
   8.34971e-02 	    8.71844e+01
   8.41689e-02 	    8.75050e+01
   8.48462e-02 	    8.78244e+01
   8.55289e-02 	    8.81428e+01
   8.62172e-02 	    8.84600e+01
   8.69109e-02 	    8.87761e+01
   8.76102e-02 	    8.90911e+01
   8.83152e-02 	    8.94048e+01
   8.90258e-02 	    8.97174e+01
   8.97422e-02 	    9.00286e+01
   9.04643e-02 	    9.03386e+01
   9.11922e-02 	    9.06473e+01
   9.19260e-02 	    9.09546e+01
   9.26657e-02 	    9.12605e+01
   9.34114e-02 	    9.15651e+01
   9.41630e-02 	    9.18682e+01
   9.49207e-02 	    9.21699e+01
   9.56845e-02 	    9.24700e+01
   9.64544e-02 	    9.27687e+01
   9.72305e-02 	    9.30658e+01
   9.80129e-02 	    9.33613e+01
   9.88016e-02 	    9.36553e+01
   9.95966e-02 	    9.39476e+01
   1.00398e-01 	    9.42382e+01
   1.01206e-01 	    9.45272e+01
   1.02020e-01 	    9.48144e+01
   1.02841e-01 	    9.50999e+01
   1.03669e-01 	    9.53835e+01
   1.04503e-01 	    9.56654e+01
   1.05344e-01 	    9.59455e+01
   1.06191e-01 	    9.62237e+01
   1.07046e-01 	    9.65000e+01
   1.07907e-01 	    9.67744e+01
   1.08776e-01 	    9.70468e+01
   1.09651e-01 	    9.73172e+01
   1.10533e-01 	    9.75856e+01
   1.11423e-01 	    9.78520e+01
   1.12319e-01 	    9.81164e+01
   1.13223e-01 	    9.83786e+01
   1.14134e-01 	    9.86387e+01
   1.15052e-01 	    9.88967e+01
   1.15978e-01 	    9.91525e+01
   1.16911e-01 	    9.94061e+01
   1.17852e-01 	    9.96574e+01
   1.18800e-01 	    9.99065e+01
   1.19756e-01 	    1.00153e+02
   1.20720e-01 	    1.00398e+02
   1.21691e-01 	    1.00640e+02
   1.22671e-01 	    1.00880e+02
   1.23658e-01 	    1.01117e+02
   1.24653e-01 	    1.01352e+02
   1.25656e-01 	    1.01585e+02
   1.26667e-01 	    1.01815e+02
   1.27686e-01 	    1.02042e+02
   1.28713e-01 	    1.02267e+02
   1.29749e-01 	    1.02490e+02
   1.30793e-01 	    1.02709e+02
   1.31846e-01 	    1.02927e+02
   1.32906e-01 	    1.03141e+02
   1.33976e-01 	    1.03353e+02
   1.35054e-01 	    1.03563e+02
   1.36141e-01 	    1.03769e+02
   1.37236e-01 	    1.03973e+02
   1.38340e-01 	    1.04174e+02
   1.39454e-01 	    1.04373e+02
   1.40576e-01 	    1.04568e+02
   1.41707e-01 	    1.04761e+02
   1.42847e-01 	    1.04951e+02
   1.43997e-01 	    1.05138e+02
   1.45155e-01 	    1.05322e+02
   1.46323e-01 	    1.05503e+02
   1.47501e-01 	    1.05681e+02
   1.48688e-01 	    1.05857e+02
   1.49884e-01 	    1.06029e+02
   1.51090e-01 	    1.06198e+02
   1.52306e-01 	    1.06365e+02
   1.53531e-01 	    1.06528e+02
   1.54767e-01 	    1.06688e+02
   1.56012e-01 	    1.06845e+02
   1.57267e-01 	    1.07000e+02
   1.58533e-01 	    1.07150e+02
   1.59809e-01 	    1.07298e+02
   1.61094e-01 	    1.07443e+02
   1.62391e-01 	    1.07584e+02
   1.63697e-01 	    1.07723e+02
   1.65015e-01 	    1.07858e+02
   1.66342e-01 	    1.07990e+02
   1.67681e-01 	    1.08118e+02
   1.69030e-01 	    1.08244e+02
   1.70390e-01 	    1.08366e+02
   1.71761e-01 	    1.08485e+02
   1.73143e-01 	    1.08600e+02
   1.74537e-01 	    1.08712e+02
   1.75941e-01 	    1.08821e+02
   1.77357e-01 	    1.08927e+02
   1.78784e-01 	    1.09029e+02
   1.80223e-01 	    1.09128e+02
   1.81673e-01 	    1.09223e+02
   1.83135e-01 	    1.09315e+02
   1.84608e-01 	    1.09404e+02
   1.86094e-01 	    1.09489e+02
   1.87591e-01 	    1.09571e+02
   1.89100e-01 	    1.09649e+02
   1.90622e-01 	    1.09724e+02
   1.92156e-01 	    1.09795e+02
   1.93702e-01 	    1.09863e+02
   1.95261e-01 	    1.09928e+02
   1.96832e-01 	    1.09989e+02
   1.98416e-01 	    1.10046e+02
   2.00012e-01 	    1.10100e+02
   2.01622e-01 	    1.10151e+02
   2.03244e-01 	    1.10198e+02
   2.04880e-01 	    1.10241e+02
   2.06528e-01 	    1.10281e+02
   2.08190e-01 	    1.10318e+02
   2.09865e-01 	    1.10350e+02
   2.11554e-01 	    1.10380e+02
   2.13256e-01 	    1.10405e+02
   2.14972e-01 	    1.10428e+02
   2.16702e-01 	    1.10446e+02
   2.18446e-01 	    1.10461e+02
   2.20203e-01 	    1.10473e+02
   2.21975e-01 	    1.10481e+02
   2.23761e-01 	    1.10485e+02
   2.25562e-01 	    1.10486e+02
   2.27377e-01 	    1.10484e+02
   2.29207e-01 	    1.10477e+02
   2.31051e-01 	    1.10467e+02
   2.32910e-01 	    1.10454e+02
   2.34784e-01 	    1.10437e+02
   2.36673e-01 	    1.10417e+02
   2.38578e-01 	    1.10392e+02
   2.40498e-01 	    1.10365e+02
   2.42433e-01 	    1.10334e+02
   2.44384e-01 	    1.10299e+02
   2.46350e-01 	    1.10261e+02
   2.48332e-01 	    1.10219e+02
   2.50330e-01 	    1.10174e+02
   2.52345e-01 	    1.10125e+02
   2.54375e-01 	    1.10072e+02
   2.56422e-01 	    1.10016e+02
   2.58485e-01 	    1.09957e+02
   2.60565e-01 	    1.09894e+02
   2.62662e-01 	    1.09828e+02
   2.64776e-01 	    1.09758e+02
   2.66906e-01 	    1.09684e+02
   2.69054e-01 	    1.09608e+02
   2.71219e-01 	    1.09527e+02
   2.73401e-01 	    1.09444e+02
   2.75601e-01 	    1.09356e+02
   2.77819e-01 	    1.09266e+02
   2.80054e-01 	    1.09172e+02
   2.82308e-01 	    1.09074e+02
   2.84579e-01 	    1.08973e+02
   2.86869e-01 	    1.08869e+02
   2.89178e-01 	    1.08762e+02
   2.91504e-01 	    1.08651e+02
   2.93850e-01 	    1.08536e+02
   2.96215e-01 	    1.08419e+02
   2.98598e-01 	    1.08298e+02
   3.01001e-01 	    1.08174e+02
   3.03423e-01 	    1.08046e+02
   3.05864e-01 	    1.07915e+02
   3.08325e-01 	    1.07781e+02
   3.10806e-01 	    1.07644e+02
   3.13307e-01 	    1.07504e+02
   3.15828e-01 	    1.07360e+02
   3.18370e-01 	    1.07213e+02
   3.20932e-01 	    1.07063e+02
   3.23514e-01 	    1.06910e+02
   3.26117e-01 	    1.06753e+02
   3.28741e-01 	    1.06594e+02
   3.31386e-01 	    1.06431e+02
   3.34053e-01 	    1.06266e+02
   3.36741e-01 	    1.06097e+02
   3.39451e-01 	    1.05925e+02
   3.42182e-01 	    1.05751e+02
   3.44935e-01 	    1.05573e+02
   3.47711e-01 	    1.05392e+02
   3.50509e-01 	    1.05208e+02
   3.53329e-01 	    1.05022e+02
   3.56172e-01 	    1.04832e+02
   3.59038e-01 	    1.04640e+02
   3.61927e-01 	    1.04444e+02
   3.64840e-01 	    1.04246e+02
   3.67775e-01 	    1.04045e+02
   3.70735e-01 	    1.03841e+02
   3.73718e-01 	    1.03635e+02
   3.76725e-01 	    1.03426e+02
   3.79756e-01 	    1.03213e+02
   3.82812e-01 	    1.02999e+02
   3.85892e-01 	    1.02781e+02
   3.88998e-01 	    1.02561e+02
   3.92128e-01 	    1.02338e+02
   3.95283e-01 	    1.02113e+02
   3.98464e-01 	    1.01885e+02
   4.01670e-01 	    1.01655e+02
   4.04902e-01 	    1.01422e+02
   4.08160e-01 	    1.01186e+02
   4.11444e-01 	    1.00948e+02
   4.14755e-01 	    1.00707e+02
   4.18092e-01 	    1.00464e+02
   4.21457e-01 	    1.00219e+02
   4.24848e-01 	    9.99713e+01
   4.28266e-01 	    9.97212e+01
   4.31713e-01 	    9.94688e+01
   4.35186e-01 	    9.92141e+01
   4.38688e-01 	    9.89571e+01
   4.42218e-01 	    9.86978e+01
   4.45776e-01 	    9.84364e+01
   4.49363e-01 	    9.81727e+01
   4.52979e-01 	    9.79068e+01
   4.56624e-01 	    9.76389e+01
   4.60298e-01 	    9.73688e+01
   4.64002e-01 	    9.70966e+01
   4.67736e-01 	    9.68224e+01
   4.71500e-01 	    9.65461e+01
   4.75294e-01 	    9.62678e+01
   4.79118e-01 	    9.59876e+01
   4.82973e-01 	    9.57054e+01
   4.86860e-01 	    9.54212e+01
   4.90777e-01 	    9.51352e+01
   4.94726e-01 	    9.48474e+01
   4.98707e-01 	    9.45576e+01
   5.02720e-01 	    9.42661e+01
   5.06765e-01 	    9.39728e+01
   5.10843e-01 	    9.36778e+01
   5.14953e-01 	    9.33810e+01
   5.19097e-01 	    9.30825e+01
   5.23274e-01 	    9.27824e+01
   5.27485e-01 	    9.24806e+01
   5.31729e-01 	    9.21772e+01
   5.36008e-01 	    9.18722e+01
   5.40321e-01 	    9.15657e+01
   5.44668e-01 	    9.12576e+01
   5.49051e-01 	    9.09480e+01
   5.53469e-01 	    9.06370e+01
   5.57923e-01 	    9.03245e+01
   5.62412e-01 	    9.00106e+01
   5.66937e-01 	    8.96953e+01
   5.71499e-01 	    8.93786e+01
   5.76098e-01 	    8.90606e+01
   5.80734e-01 	    8.87413e+01
   5.85406e-01 	    8.84207e+01
   5.90117e-01 	    8.80988e+01
   5.94865e-01 	    8.77758e+01
   5.99652e-01 	    8.74515e+01
   6.04477e-01 	    8.71261e+01
   6.09341e-01 	    8.67995e+01
   6.14244e-01 	    8.64718e+01
   6.19187e-01 	    8.61429e+01
   6.24169e-01 	    8.58131e+01
   6.29192e-01 	    8.54822e+01
   6.34254e-01 	    8.51502e+01
   6.39358e-01 	    8.48173e+01
   6.44503e-01 	    8.44835e+01
   6.49689e-01 	    8.41486e+01
   6.54917e-01 	    8.38129e+01
   6.60186e-01 	    8.34763e+01
   6.65499e-01 	    8.31388e+01
   6.70854e-01 	    8.28005e+01
   6.76252e-01 	    8.24614e+01
   6.81693e-01 	    8.21215e+01
   6.87179e-01 	    8.17809e+01
   6.92708e-01 	    8.14395e+01
   6.98282e-01 	    8.10974e+01
   7.03901e-01 	    8.07546e+01
   7.09565e-01 	    8.04112e+01
   7.15274e-01 	    8.00671e+01
   7.21030e-01 	    7.97224e+01
   7.26832e-01 	    7.93771e+01
   7.32680e-01 	    7.90312e+01
   7.38576e-01 	    7.86848e+01
   7.44519e-01 	    7.83379e+01
   7.50509e-01 	    7.79905e+01
   7.56549e-01 	    7.76425e+01
   7.62636e-01 	    7.72942e+01
   7.68773e-01 	    7.69454e+01
   7.74959e-01 	    7.65962e+01
   7.81195e-01 	    7.62466e+01
   7.87480e-01 	    7.58966e+01
   7.93817e-01 	    7.55463e+01
   8.00205e-01 	    7.51956e+01
   8.06643e-01 	    7.48447e+01
   8.13134e-01 	    7.44935e+01
   8.19677e-01 	    7.41420e+01
   8.26273e-01 	    7.37902e+01
   8.32921e-01 	    7.34382e+01
   8.39624e-01 	    7.30861e+01
   8.46380e-01 	    7.27337e+01
   8.53190e-01 	    7.23812e+01
   8.60055e-01 	    7.20285e+01
   8.66976e-01 	    7.16757e+01
   8.73952e-01 	    7.13227e+01
   8.80984e-01 	    7.09697e+01
   8.88073e-01 	    7.06166e+01
   8.95219e-01 	    7.02634e+01
   9.02423e-01 	    6.99102e+01
   9.09684e-01 	    6.95570e+01
   9.17004e-01 	    6.92037e+01
   9.24383e-01 	    6.88505e+01
   9.31821e-01 	    6.84973e+01
   9.39319e-01 	    6.81441e+01
   9.46877e-01 	    6.77910e+01
   9.54496e-01 	    6.74379e+01
   9.62177e-01 	    6.70850e+01
   9.69919e-01 	    6.67321e+01
   9.77723e-01 	    6.63793e+01
   9.85591e-01 	    6.60267e+01
   9.93521e-01 	    6.56742e+01
   1.00152e+00 	    6.53219e+01
   1.00957e+00 	    6.49697e+01
   1.01770e+00 	    6.46177e+01
   1.02589e+00 	    6.42660e+01
   1.03414e+00 	    6.39144e+01
   1.04246e+00 	    6.35630e+01
   1.05085e+00 	    6.32119e+01
   1.05931e+00 	    6.28610e+01
   1.06783e+00 	    6.25103e+01
   1.07642e+00 	    6.21600e+01
   1.08509e+00 	    6.18099e+01
   1.09382e+00 	    6.14600e+01
   1.10262e+00 	    6.11105e+01
   1.11149e+00 	    6.07613e+01
   1.12043e+00 	    6.04124e+01
   1.12945e+00 	    6.00638e+01
   1.13854e+00 	    5.97156e+01
   1.14770e+00 	    5.93677e+01
   1.15693e+00 	    5.90201e+01
   1.16624e+00 	    5.86729e+01
   1.17563e+00 	    5.83261e+01
   1.18509e+00 	    5.79796e+01
   1.19462e+00 	    5.76336e+01
   1.20424e+00 	    5.72879e+01
   1.21393e+00 	    5.69426e+01
   1.22369e+00 	    5.65977e+01
   1.23354e+00 	    5.62532e+01
   1.24347e+00 	    5.59091e+01
   1.25347e+00 	    5.55654e+01
   1.26356e+00 	    5.52222e+01
   1.27373e+00 	    5.48793e+01
   1.28397e+00 	    5.45370e+01
   1.29431e+00 	    5.41950e+01
   1.30472e+00 	    5.38535e+01
   1.31522e+00 	    5.35124e+01
   1.32580e+00 	    5.31718e+01
   1.33647e+00 	    5.28316e+01
   1.34722e+00 	    5.24918e+01
   1.35807e+00 	    5.21525e+01
   1.36899e+00 	    5.18137e+01
   1.38001e+00 	    5.14753e+01
   1.39111e+00 	    5.11374e+01
   1.40231e+00 	    5.07999e+01
   1.41359e+00 	    5.04629e+01
   1.42497e+00 	    5.01263e+01
   1.43643e+00 	    4.97902e+01
   1.44799e+00 	    4.94546e+01
   1.45964e+00 	    4.91194e+01
   1.47139e+00 	    4.87847e+01
   1.48323e+00 	    4.84504e+01
   1.49516e+00 	    4.81166e+01
   1.50719e+00 	    4.77832e+01
   1.51932e+00 	    4.74503e+01
   1.53154e+00 	    4.71178e+01
   1.54387e+00 	    4.67857e+01
   1.55629e+00 	    4.64541e+01
   1.56881e+00 	    4.61230e+01
   1.58144e+00 	    4.57922e+01
   1.59416e+00 	    4.54619e+01
   1.60699e+00 	    4.51320e+01
   1.61992e+00 	    4.48026e+01
   1.63296e+00 	    4.44735e+01
   1.64610e+00 	    4.41449e+01
   1.65934e+00 	    4.38166e+01
   1.67269e+00 	    4.34887e+01
   1.68615e+00 	    4.31613e+01
   1.69972e+00 	    4.28342e+01
   1.71340e+00 	    4.25074e+01
   1.72718e+00 	    4.21811e+01
   1.74108e+00 	    4.18551e+01
   1.75509e+00 	    4.15294e+01
   1.76921e+00 	    4.12041e+01
   1.78345e+00 	    4.08791e+01
   1.79780e+00 	    4.05545e+01
   1.81227e+00 	    4.04082e+01
   1.82685e+00 	    4.03258e+01
   1.84155e+00 	    4.02443e+01
   1.85637e+00 	    4.01637e+01
   1.87131e+00 	    4.00842e+01
   1.88636e+00 	    4.00057e+01
   1.90154e+00 	    3.99284e+01
   1.91684e+00 	    3.98524e+01
   1.93227e+00 	    3.97776e+01
   1.94782e+00 	    3.97042e+01
   1.96349e+00 	    3.96321e+01
   1.97929e+00 	    3.95616e+01
   1.99521e+00 	    3.94926e+01
   2.01127e+00 	    3.94251e+01
   2.02745e+00 	    3.93593e+01
   2.04377e+00 	    3.92952e+01
   2.06021e+00 	    3.92327e+01
   2.07679e+00 	    3.91721e+01
   2.09350e+00 	    3.91132e+01
   2.11035e+00 	    3.90561e+01
   2.12733e+00 	    3.90009e+01
   2.14445e+00 	    3.89476e+01
   2.16170e+00 	    3.88962e+01
   2.17910e+00 	    3.88467e+01
   2.19663e+00 	    3.87991e+01
   2.21430e+00 	    3.87534e+01
   2.23212e+00 	    3.87097e+01
   2.25008e+00 	    3.86678e+01
   2.26819e+00 	    3.86280e+01
   2.28644e+00 	    3.85903e+01
   2.30484e+00 	    3.85547e+01
   2.32338e+00 	    3.85214e+01
   2.34208e+00 	    3.84903e+01
   2.36093e+00 	    3.84616e+01
   2.37992e+00 	    3.84353e+01
   2.39907e+00 	    3.84115e+01
   2.41838e+00 	    3.83901e+01
   2.43784e+00 	    3.83713e+01
   2.45745e+00 	    3.83551e+01
   2.47723e+00 	    3.83415e+01
   2.49716e+00 	    3.83306e+01
   2.51725e+00 	    3.83224e+01
   2.53751e+00 	    3.83170e+01
   2.55793e+00 	    3.83142e+01
   2.57851e+00 	    3.83143e+01
   2.59926e+00 	    3.83171e+01
   2.62017e+00 	    3.83226e+01
   2.64126e+00 	    3.83309e+01
   2.66251e+00 	    3.83420e+01
   2.68393e+00 	    3.83558e+01
   2.70553e+00 	    3.83723e+01
   2.72730e+00 	    3.83915e+01
   2.74925e+00 	    3.84132e+01
   2.77137e+00 	    3.84375e+01
   2.79367e+00 	    3.84644e+01
   2.81615e+00 	    3.84936e+01
   2.83881e+00 	    3.85253e+01
   2.86165e+00 	    3.85595e+01
   2.88468e+00 	    3.85962e+01
   2.90789e+00 	    3.86356e+01
   2.93129e+00 	    3.86776e+01
   2.95487e+00 	    3.87223e+01
   2.97865e+00 	    3.87697e+01
   3.00262e+00 	    3.88199e+01
   3.02678e+00 	    3.88729e+01
   3.05114e+00 	    3.89287e+01
   3.07569e+00 	    3.89874e+01
   3.10044e+00 	    3.90490e+01
   3.12538e+00 	    3.91135e+01
   3.15053e+00 	    3.91808e+01
   3.17588e+00 	    3.92511e+01
   3.20144e+00 	    3.93243e+01
   3.22720e+00 	    3.94003e+01
   3.25317e+00 	    3.94793e+01
   3.27934e+00 	    3.95611e+01
   3.30573e+00 	    3.96458e+01
   3.33233e+00 	    3.97333e+01
   3.35914e+00 	    3.98235e+01
   3.38617e+00 	    3.99164e+01
   3.41342e+00 	    4.00120e+01
   3.44089e+00 	    4.01101e+01
   3.46858e+00 	    4.02107e+01
   3.49649e+00 	    4.03138e+01
   3.52462e+00 	    4.04191e+01
   3.55298e+00 	    4.05267e+01
   3.58157e+00 	    4.06364e+01
   3.61039e+00 	    4.07485e+01
   3.63944e+00 	    4.08628e+01
   3.66873e+00 	    4.09795e+01
   3.69825e+00 	    4.10985e+01
   3.72801e+00 	    4.12199e+01
   3.75800e+00 	    4.13436e+01
   3.78824e+00 	    4.14698e+01
   3.81872e+00 	    4.15984e+01
   3.84945e+00 	    4.17294e+01
   3.88043e+00 	    4.18629e+01
   3.91165e+00 	    4.19988e+01
   3.94313e+00 	    4.21371e+01
   3.97486e+00 	    4.22779e+01
   4.00684e+00 	    4.24210e+01
   4.03908e+00 	    4.25666e+01
   4.07158e+00 	    4.27145e+01
   4.10434e+00 	    4.28648e+01
   4.13737e+00 	    4.30174e+01
   4.17066e+00 	    4.31722e+01
   4.20422e+00 	    4.33293e+01
   4.23805e+00 	    4.34885e+01
   4.27215e+00 	    4.36498e+01
   4.30653e+00 	    4.38132e+01
   4.34118e+00 	    4.39785e+01
   4.37611e+00 	    4.41457e+01
   4.41133e+00 	    4.43146e+01
   4.44682e+00 	    4.44853e+01
   4.48260e+00 	    4.46575e+01
   4.51867e+00 	    4.48313e+01
   4.55503e+00 	    4.50068e+01
   4.59169e+00 	    4.51838e+01
   4.62863e+00 	    4.53625e+01
   4.66588e+00 	    4.55429e+01
   4.70342e+00 	    4.57249e+01
   4.74127e+00 	    4.59086e+01
   4.77942e+00 	    4.60939e+01
   4.81788e+00 	    4.62809e+01
   4.85665e+00 	    4.64696e+01
   4.89573e+00 	    4.66598e+01
   4.93512e+00 	    4.68518e+01
   4.97483e+00 	    4.70453e+01
   5.01486e+00 	    4.72404e+01
   5.05521e+00 	    4.74371e+01
   5.09589e+00 	    4.76354e+01
   5.13689e+00 	    4.78351e+01
   5.17823e+00 	    4.80364e+01
   5.21990e+00 	    4.82391e+01
   5.26190e+00 	    4.84432e+01
   5.30424e+00 	    4.86487e+01
   5.34692e+00 	    4.88555e+01
   5.38994e+00 	    4.90635e+01
   5.43331e+00 	    4.92728e+01
   5.47703e+00 	    4.94831e+01
   5.52111e+00 	    4.96945e+01
   5.56553e+00 	    4.99069e+01
   5.61032e+00 	    5.01201e+01
   5.65546e+00 	    5.03341e+01
   5.70097e+00 	    5.05490e+01
   5.74684e+00 	    5.07647e+01
   5.79308e+00 	    5.09812e+01
   5.83970e+00 	    5.11985e+01
   5.88669e+00 	    5.14166e+01
   5.93405e+00 	    5.16356e+01
   5.98180e+00 	    5.18552e+01
   6.02994e+00 	    5.20757e+01
   6.07846e+00 	    5.22969e+01
   6.12737e+00 	    5.25188e+01
   6.17667e+00 	    5.27414e+01
   6.22637e+00 	    5.29647e+01
   6.27647e+00 	    5.31887e+01
   6.32698e+00 	    5.34133e+01
   6.37789e+00 	    5.36386e+01
   6.42921e+00 	    5.38644e+01
   6.48094e+00 	    5.40907e+01
   6.53309e+00 	    5.43175e+01
   6.58566e+00 	    5.45448e+01
   6.63865e+00 	    5.47725e+01
   6.69207e+00 	    5.50006e+01
   6.74592e+00 	    5.52290e+01
   6.80020e+00 	    5.54577e+01
   6.85492e+00 	    5.56865e+01
   6.91008e+00 	    5.59155e+01
   6.96568e+00 	    5.61446e+01
   7.02173e+00 	    5.63736e+01
   7.07823e+00 	    5.66026e+01
   7.13519e+00 	    5.68315e+01
   7.19260e+00 	    5.70602e+01
   7.25048e+00 	    5.72888e+01
   7.30882e+00 	    5.75172e+01
   7.36763e+00 	    5.77455e+01
   7.42691e+00 	    5.79735e+01
   7.48667e+00 	    5.82014e+01
   7.54692e+00 	    5.84289e+01
   7.60764e+00 	    5.86563e+01
   7.66886e+00 	    5.88833e+01
   7.73057e+00 	    5.91100e+01
   7.79277e+00 	    5.93364e+01
   7.85548e+00 	    5.95624e+01
   7.91869e+00 	    5.97880e+01
   7.98240e+00 	    6.00131e+01
   8.04664e+00 	    6.02378e+01
   8.11138e+00 	    6.04620e+01
   8.17665e+00 	    6.06857e+01
   8.24245e+00 	    6.09088e+01
   8.30877e+00 	    6.11313e+01
   8.37563e+00 	    6.13531e+01
   8.44302e+00 	    6.15742e+01
   8.51096e+00 	    6.17946e+01
   8.57944e+00 	    6.20141e+01
   8.64848e+00 	    6.22328e+01
   8.71807e+00 	    6.24506e+01
   8.78822e+00 	    6.26675e+01
   8.85894e+00 	    6.28833e+01
   8.93022e+00 	    6.30981e+01
   9.00208e+00 	    6.33117e+01
   9.07451e+00 	    6.35242e+01
   9.14753e+00 	    6.37356e+01
   9.22114e+00 	    6.39457e+01
   9.29534e+00 	    6.41546e+01
   9.37013e+00 	    6.43623e+01
   9.44553e+00 	    6.45687e+01
   9.52154e+00 	    6.47737e+01
   9.59815e+00 	    6.49774e+01
   9.67538e+00 	    6.51798e+01
   9.75324e+00 	    6.53807e+01
   9.83172e+00 	    6.55801e+01
   9.91083e+00 	    6.57780e+01
   9.99058e+00 	    6.59744e+01
   1.00710e+01 	    6.61693e+01
   1.01520e+01 	    6.63625e+01
   1.02337e+01 	    6.65540e+01
   1.03160e+01 	    6.67439e+01
   1.03990e+01 	    6.69320e+01
   1.04827e+01 	    6.71183e+01
   1.05671e+01 	    6.73027e+01
   1.06521e+01 	    6.74853e+01
   1.07378e+01 	    6.76659e+01
   1.08242e+01 	    6.78444e+01
   1.09113e+01 	    6.80210e+01
   1.09991e+01 	    6.81954e+01
   1.10876e+01 	    6.83676e+01
   1.11768e+01 	    6.85376e+01
   1.12668e+01 	    6.87053e+01
   1.13574e+01 	    6.88706e+01
   1.14488e+01 	    6.90337e+01
   1.15409e+01 	    6.91943e+01
   1.16338e+01 	    6.93526e+01
   1.17274e+01 	    6.95085e+01
   1.18218e+01 	    6.96619e+01
   1.19169e+01 	    6.98129e+01
   1.20128e+01 	    6.99615e+01
   1.21095e+01 	    7.01075e+01
   1.22069e+01 	    7.02511e+01
   1.23051e+01 	    7.03922e+01
   1.24041e+01 	    7.05307e+01
   1.25040e+01 	    7.06667e+01
   1.26046e+01 	    7.08001e+01
   1.27060e+01 	    7.09310e+01
   1.28082e+01 	    7.10592e+01
   1.29113e+01 	    7.11849e+01
   1.30152e+01 	    7.13079e+01
   1.31199e+01 	    7.14283e+01
   1.32255e+01 	    7.15460e+01
   1.33319e+01 	    7.16611e+01
   1.34392e+01 	    7.17736e+01
   1.35473e+01 	    7.18833e+01
   1.36563e+01 	    7.19904e+01
   1.37662e+01 	    7.20947e+01
   1.38770e+01 	    7.21964e+01
   1.39887e+01 	    7.22953e+01
   1.41012e+01 	    7.23915e+01
   1.42147e+01 	    7.24850e+01
   1.43291e+01 	    7.25757e+01
   1.44444e+01 	    7.26637e+01
   1.45606e+01 	    7.27489e+01
   1.46777e+01 	    7.28313e+01
   1.47959e+01 	    7.29109e+01
   1.49149e+01 	    7.29876e+01
   1.50349e+01 	    7.30615e+01
   1.51559e+01 	    7.31326e+01
   1.52779e+01 	    7.32008e+01
   1.54008e+01 	    7.32662e+01
   1.55247e+01 	    7.33286e+01
   1.56496e+01 	    7.33881e+01
   1.57756e+01 	    7.34447e+01
   1.59025e+01 	    7.34984e+01
   1.60305e+01 	    7.35491e+01
   1.61595e+01 	    7.35968e+01
   1.62895e+01 	    7.36415e+01
   1.64206e+01 	    7.36832e+01
   1.65527e+01 	    7.37219e+01
   1.66859e+01 	    7.37575e+01
   1.68201e+01 	    7.37900e+01
   1.69555e+01 	    7.38195e+01
   1.70919e+01 	    7.38458e+01
   1.72295e+01 	    7.38690e+01
   1.73681e+01 	    7.38890e+01
   1.75078e+01 	    7.39058e+01
   1.76487e+01 	    7.39194e+01
   1.77907e+01 	    7.39298e+01
   1.79339e+01 	    7.39369e+01
   1.80782e+01 	    7.39406e+01
   1.82237e+01 	    7.39411e+01
   1.83703e+01 	    7.39381e+01
   1.85181e+01 	    7.39318e+01
   1.86671e+01 	    7.39220e+01
   1.88173e+01 	    7.39088e+01
   1.89688e+01 	    7.38921e+01
   1.91214e+01 	    7.38718e+01
   1.92752e+01 	    7.38479e+01
   1.94303e+01 	    7.38204e+01
   1.95867e+01 	    7.37892e+01
   1.97443e+01 	    7.37543e+01
   1.99032e+01 	    7.37156e+01
   2.00633e+01 	    7.36731e+01
   2.02248e+01 	    7.36266e+01
   2.03875e+01 	    7.35762e+01
   2.05516e+01 	    7.35217e+01
   2.07169e+01 	    7.34631e+01
   2.08836e+01 	    7.34004e+01
   2.10517e+01 	    7.33334e+01
   2.12211e+01 	    7.32620e+01
   2.13918e+01 	    7.31862e+01
   2.15640e+01 	    7.31059e+01
   2.17375e+01 	    7.30209e+01
   2.19124e+01 	    7.29312e+01
   2.20887e+01 	    7.28367e+01
   2.22664e+01 	    7.27372e+01
   2.24456e+01 	    7.26326e+01
   2.26262e+01 	    7.25229e+01
   2.28083e+01 	    7.24082e+01
   2.29918e+01 	    7.22885e+01
   2.31768e+01 	    7.21638e+01
   2.33633e+01 	    7.20342e+01
   2.35513e+01 	    7.18997e+01
   2.37408e+01 	    7.17603e+01
   2.39318e+01 	    7.16161e+01
   2.41244e+01 	    7.14672e+01
   2.43185e+01 	    7.13136e+01
   2.45142e+01 	    7.11553e+01
   2.47115e+01 	    7.09925e+01
   2.49103e+01 	    7.08251e+01
   2.51108e+01 	    7.06534e+01
   2.53128e+01 	    7.04772e+01
   2.55165e+01 	    7.02968e+01
   2.57218e+01 	    7.01122e+01
   2.59288e+01 	    6.99234e+01
   2.61374e+01 	    6.97307e+01
   2.63477e+01 	    6.95340e+01
   2.65598e+01 	    6.93335e+01
   2.67735e+01 	    6.91292e+01
   2.69889e+01 	    6.89214e+01
   2.72061e+01 	    6.87101e+01
   2.74250e+01 	    6.84953e+01
   2.76457e+01 	    6.82774e+01
   2.78681e+01 	    6.80563e+01
   2.80924e+01 	    6.78322e+01
   2.83184e+01 	    6.76053e+01
   2.85463e+01 	    6.73755e+01
   2.87760e+01 	    6.71428e+01
   2.90075e+01 	    6.69073e+01
   2.92409e+01 	    6.66689e+01
   2.94762e+01 	    6.64277e+01
   2.97134e+01 	    6.61836e+01
   2.99525e+01 	    6.59366e+01
   3.01935e+01 	    6.56867e+01
   3.04365e+01 	    6.54339e+01
   3.06814e+01 	    6.51781e+01
   3.09283e+01 	    6.49194e+01
   3.11771e+01 	    6.46576e+01
   3.14280e+01 	    6.43927e+01
   3.16809e+01 	    6.41247e+01
   3.19358e+01 	    6.38535e+01
   3.21928e+01 	    6.35790e+01
   3.24518e+01 	    6.33012e+01
   3.27129e+01 	    6.30199e+01
   3.29762e+01 	    6.27350e+01
   3.32415e+01 	    6.24465e+01
   3.35090e+01 	    6.21542e+01
   3.37786e+01 	    6.18581e+01
   3.40504e+01 	    6.15578e+01
   3.43244e+01 	    6.12534e+01
   3.46006e+01 	    6.09446e+01
   3.48790e+01 	    6.06312e+01
   3.51597e+01 	    6.03131e+01
   3.54426e+01 	    5.99900e+01
   3.57278e+01 	    5.96619e+01
   3.60153e+01 	    5.93288e+01
   3.63051e+01 	    5.89908e+01
   3.65972e+01 	    5.86481e+01
   3.68917e+01 	    5.83006e+01
   3.71886e+01 	    5.79485e+01
   3.74878e+01 	    5.75919e+01
   3.77894e+01 	    5.72309e+01
   3.80935e+01 	    5.68657e+01
   3.84000e+01 	    5.64962e+01
   3.87090e+01 	    5.61227e+01
   3.90205e+01 	    5.57452e+01
   3.93345e+01 	    5.53639e+01
   3.96510e+01 	    5.49789e+01
   3.99701e+01 	    5.45903e+01
   4.02917e+01 	    5.41983e+01
   4.06159e+01 	    5.38030e+01
   4.09427e+01 	    5.34046e+01
   4.12722e+01 	    5.30032e+01
   4.16043e+01 	    5.25989e+01
   4.19390e+01 	    5.21919e+01
   4.22765e+01 	    5.17824e+01
   4.26167e+01 	    5.13706e+01
   4.29596e+01 	    5.09565e+01
   4.33053e+01 	    5.05404e+01
   4.36537e+01 	    5.01224e+01
   4.40050e+01 	    4.97028e+01
   4.43591e+01 	    4.92817e+01
   4.47160e+01 	    4.88593e+01
   4.50758e+01 	    4.84357e+01
   4.54385e+01 	    4.80109e+01
   4.58042e+01 	    4.75850e+01
   4.61727e+01 	    4.71579e+01
   4.65443e+01 	    4.67296e+01
   4.69188e+01 	    4.63003e+01
   4.72963e+01 	    4.58697e+01
   4.76769e+01 	    4.54381e+01
   4.80605e+01 	    4.50052e+01
   4.84473e+01 	    4.45711e+01
   4.88371e+01 	    4.41357e+01
   4.92301e+01 	    4.36989e+01
   4.96262e+01 	    4.32608e+01
   5.00255e+01 	    4.28211e+01
   5.04280e+01 	    4.23799e+01
   5.08338e+01 	    4.19369e+01
   5.12429e+01 	    4.14920e+01
   5.16552e+01 	    4.10452e+01
   5.20708e+01 	    4.05962e+01
   5.24898e+01 	    4.01449e+01
   5.29122e+01 	    3.96910e+01
   5.33380e+01 	    3.92344e+01
   5.37671e+01 	    3.87747e+01
   5.41998e+01 	    3.83118e+01
   5.46359e+01 	    3.78454e+01
   5.50755e+01 	    3.73751e+01
   5.55187e+01 	    3.69006e+01
   5.59654e+01 	    3.64216e+01
   5.64158e+01 	    3.59413e+01
   5.68697e+01 	    3.54647e+01
   5.73273e+01 	    3.49918e+01
   5.77886e+01 	    3.45225e+01
   5.82536e+01 	    3.40565e+01
   5.87224e+01 	    3.35937e+01
   5.91949e+01 	    3.31336e+01
   5.96712e+01 	    3.26757e+01
   6.01514e+01 	    3.22194e+01
   6.06354e+01 	    3.17640e+01
   6.11233e+01 	    3.13085e+01
   6.16151e+01 	    3.08520e+01
   6.21109e+01 	    3.03938e+01
   6.26107e+01 	    2.99338e+01
   6.31145e+01 	    2.94717e+01
   6.36223e+01 	    2.90073e+01
   6.41343e+01 	    2.85400e+01
   6.46503e+01 	    2.80696e+01
   6.51706e+01 	    2.75953e+01
   6.56950e+01 	    2.71165e+01
   6.62236e+01 	    2.66324e+01
   6.67564e+01 	    2.61421e+01
   6.72936e+01 	    2.56451e+01
   6.78351e+01 	    2.51423e+01
   6.83809e+01 	    2.46347e+01
   6.89312e+01 	    2.41233e+01
   6.94858e+01 	    2.36094e+01
   7.00450e+01 	    2.30941e+01
   7.06086e+01 	    2.25788e+01
   7.11767e+01 	    2.20651e+01
   7.17495e+01 	    2.15545e+01
   7.23268e+01 	    2.10485e+01
   7.29088e+01 	    2.05475e+01
   7.34954e+01 	    2.00504e+01
   7.40868e+01 	    1.95563e+01
   7.46830e+01 	    1.90640e+01
   7.52839e+01 	    1.85720e+01
   7.58897e+01 	    1.80787e+01
   7.65004e+01 	    1.75822e+01
   7.71159e+01 	    1.70803e+01
   7.77364e+01 	    1.65711e+01
   7.83620e+01 	    1.60558e+01
   7.89925e+01 	    1.55376e+01
   7.96281e+01 	    1.50197e+01
   8.02689e+01 	    1.45060e+01
   8.09147e+01 	    1.40006e+01
   8.15658e+01 	    1.35079e+01
   8.22222e+01 	    1.30329e+01
   8.28838e+01 	    1.25812e+01
   8.35507e+01 	    1.21631e+01
   8.42230e+01 	    1.17945e+01
   8.49007e+01 	    1.14930e+01
   8.55839e+01 	    1.12781e+01
   8.62725e+01 	    1.11708e+01
   8.69667e+01 	    1.11945e+01
   8.76665e+01 	    1.13744e+01
   8.83719e+01 	    1.17363e+01
   8.90830e+01 	    1.22898e+01
   8.97998e+01 	    1.30341e+01
   9.05224e+01 	    1.39677e+01
   9.12508e+01 	    1.50878e+01
   9.19851e+01 	    1.63904e+01
   9.27252e+01 	    1.78704e+01
   9.34713e+01 	    1.95211e+01
   9.42235e+01 	    2.13226e+01
   9.49817e+01 	    2.32371e+01
   9.57459e+01 	    2.52208e+01
   9.65164e+01 	    2.72243e+01
   9.72930e+01 	    2.91928e+01
   9.80759e+01 	    3.10650e+01
   9.88650e+01 	    3.27739e+01
   9.96606e+01 	    3.42709e+01
   1.00462e+02 	    3.55299e+01
   1.01271e+02 	    3.65239e+01
   1.02086e+02 	    3.72246e+01
   1.02907e+02 	    3.76015e+01
   1.03735e+02 	    3.76219e+01
   1.04570e+02 	    3.72594e+01
   1.05411e+02 	    3.65273e+01
   1.06260e+02 	    3.54555e+01
   1.07115e+02 	    3.40788e+01
   1.07977e+02 	    3.24375e+01
   1.08845e+02 	    3.05778e+01
   1.09721e+02 	    2.85505e+01
   1.10604e+02 	    2.63939e+01
   1.11494e+02 	    2.41395e+01
   1.12391e+02 	    2.18229e+01
   1.13296e+02 	    1.94839e+01
   1.14207e+02 	    1.71670e+01
   1.15126e+02 	    1.49176e+01
   1.16053e+02 	    1.27534e+01
   1.16986e+02 	    1.06771e+01
   1.17928e+02 	    8.69129e+00
   1.18877e+02 	    6.79821e+00
   1.19833e+02 	    4.99967e+00
   1.20797e+02 	    3.29695e+00
   1.21769e+02 	    1.69048e+00
   1.22749e+02 	    1.80029e-01
   1.23737e+02 	   -1.23524e+00
   1.24733e+02 	   -2.55686e+00
   1.25736e+02 	   -3.78689e+00
   1.26748e+02 	   -4.92597e+00
   1.27768e+02 	   -5.97401e+00
   1.28796e+02 	   -6.93142e+00
   1.29832e+02 	   -7.79917e+00
   1.30877e+02 	   -8.57896e+00
   1.31930e+02 	   -9.27571e+00
   1.32992e+02 	   -9.89791e+00
   1.34062e+02 	   -1.04556e+01
   1.35141e+02 	   -1.09602e+01
   1.36228e+02 	   -1.14248e+01
   1.37324e+02 	   -1.18558e+01
   1.38429e+02 	   -1.22531e+01
   1.39543e+02 	   -1.26165e+01
   1.40666e+02 	   -1.29458e+01
   1.41798e+02 	   -1.32411e+01
   1.42939e+02 	   -1.35019e+01
   1.44089e+02 	   -1.37274e+01
   1.45248e+02 	   -1.39170e+01
   1.46417e+02 	   -1.40701e+01
   1.47595e+02 	   -1.41879e+01
   1.48783e+02 	   -1.42760e+01
   1.49980e+02 	   -1.43417e+01
   1.51187e+02 	   -1.43934e+01
   1.52404e+02 	   -1.44397e+01
   1.53630e+02 	   -1.44832e+01
   1.54866e+02 	   -1.45219e+01
   1.56112e+02 	   -1.45535e+01
   1.57368e+02 	   -1.45757e+01
   1.58635e+02 	   -1.45860e+01
   1.59911e+02 	   -1.45823e+01
   1.61198e+02 	   -1.45624e+01
   1.62495e+02 	   -1.45237e+01
   1.63803e+02 	   -1.44663e+01
   1.65121e+02 	   -1.43964e+01
   1.66449e+02 	   -1.43214e+01
   1.67789e+02 	   -1.42500e+01
   1.69139e+02 	   -1.41880e+01
   1.70500e+02 	   -1.41343e+01
   1.71872e+02 	   -1.40863e+01
   1.73255e+02 	   -1.40409e+01
   1.74649e+02 	   -1.39951e+01
   1.76054e+02 	   -1.39458e+01
   1.77471e+02 	   -1.38894e+01
   1.78899e+02 	   -1.38224e+01
   1.80338e+02 	   -1.37453e+01
   1.81789e+02 	   -1.36631e+01
   1.83252e+02 	   -1.35816e+01
   1.84727e+02 	   -1.35065e+01
   1.86213e+02 	   -1.34380e+01
   1.87711e+02 	   -1.33744e+01
   1.89222e+02 	   -1.33135e+01
   1.90745e+02 	   -1.32516e+01
   1.92279e+02 	   -1.31822e+01
   1.93827e+02 	   -1.30978e+01
   1.95386e+02 	   -1.29921e+01
   1.96958e+02 	   -1.28701e+01
   1.98543e+02 	   -1.27427e+01
   2.00141e+02 	   -1.26216e+01
   2.01751e+02 	   -1.25157e+01
   2.03375e+02 	   -1.24297e+01
   2.05011e+02 	   -1.23688e+01
   2.06661e+02 	   -1.23301e+01
   2.08324e+02 	   -1.22910e+01
   2.10000e+02 	   -1.22236e+01
