#Omega_b = 0.050000
#Omega_m = 0.300000
#Omega_de = 0.680000
#hubble = 0.700000
#w0 = -0.800000
#wa = 0.200000
#sigma8 = 0.800000
#n_s = 0.960000
#
#R    R*DeltaSigma(R) ;; R is in h^-1 Mpc,   R*DeltaSigma(R) = (h^-1 1e12 Msun)/(h^-1 Mpc) comoving 
   7.00000e-02 	    4.35972e+00
   7.04857e-02 	    4.39071e+00
   7.09748e-02 	    4.42171e+00
   7.14672e-02 	    4.45272e+00
   7.19631e-02 	    4.48373e+00
   7.24625e-02 	    4.51475e+00
   7.29652e-02 	    4.54579e+00
   7.34715e-02 	    4.57684e+00
   7.39813e-02 	    4.60792e+00
   7.44946e-02 	    4.63902e+00
   7.50115e-02 	    4.67014e+00
   7.55320e-02 	    4.70130e+00
   7.60561e-02 	    4.73249e+00
   7.65838e-02 	    4.76372e+00
   7.71152e-02 	    4.79498e+00
   7.76503e-02 	    4.82629e+00
   7.81891e-02 	    4.85765e+00
   7.87316e-02 	    4.88905e+00
   7.92779e-02 	    4.92051e+00
   7.98280e-02 	    4.95202e+00
   8.03819e-02 	    4.98359e+00
   8.09396e-02 	    5.01523e+00
   8.15012e-02 	    5.04693e+00
   8.20667e-02 	    5.07870e+00
   8.26362e-02 	    5.11054e+00
   8.32095e-02 	    5.14246e+00
   8.37869e-02 	    5.17446e+00
   8.43683e-02 	    5.20655e+00
   8.49537e-02 	    5.23871e+00
   8.55431e-02 	    5.27097e+00
   8.61367e-02 	    5.30332e+00
   8.67344e-02 	    5.33577e+00
   8.73362e-02 	    5.36832e+00
   8.79422e-02 	    5.40097e+00
   8.85524e-02 	    5.43373e+00
   8.91668e-02 	    5.46661e+00
   8.97855e-02 	    5.49959e+00
   9.04085e-02 	    5.53269e+00
   9.10358e-02 	    5.56592e+00
   9.16675e-02 	    5.59927e+00
   9.23035e-02 	    5.63274e+00
   9.29440e-02 	    5.66635e+00
   9.35889e-02 	    5.70010e+00
   9.42382e-02 	    5.73398e+00
   9.48921e-02 	    5.76801e+00
   9.55505e-02 	    5.80219e+00
   9.62135e-02 	    5.83651e+00
   9.68811e-02 	    5.87099e+00
   9.75533e-02 	    5.90563e+00
   9.82302e-02 	    5.94043e+00
   9.89118e-02 	    5.97539e+00
   9.95981e-02 	    6.01053e+00
   1.00289e-01 	    6.04583e+00
   1.00985e-01 	    6.08131e+00
   1.01686e-01 	    6.11698e+00
   1.02391e-01 	    6.15282e+00
   1.03102e-01 	    6.18885e+00
   1.03817e-01 	    6.22508e+00
   1.04538e-01 	    6.26149e+00
   1.05263e-01 	    6.29811e+00
   1.05993e-01 	    6.33492e+00
   1.06729e-01 	    6.37194e+00
   1.07469e-01 	    6.40917e+00
   1.08215e-01 	    6.44661e+00
   1.08966e-01 	    6.48427e+00
   1.09722e-01 	    6.52215e+00
   1.10483e-01 	    6.56025e+00
   1.11250e-01 	    6.59858e+00
   1.12022e-01 	    6.63714e+00
   1.12799e-01 	    6.67593e+00
   1.13582e-01 	    6.71496e+00
   1.14370e-01 	    6.75423e+00
   1.15163e-01 	    6.79375e+00
   1.15962e-01 	    6.83352e+00
   1.16767e-01 	    6.87353e+00
   1.17577e-01 	    6.91378e+00
   1.18393e-01 	    6.95428e+00
   1.19215e-01 	    6.99501e+00
   1.20042e-01 	    7.03599e+00
   1.20875e-01 	    7.07720e+00
   1.21713e-01 	    7.11865e+00
   1.22558e-01 	    7.16034e+00
   1.23408e-01 	    7.20226e+00
   1.24265e-01 	    7.24441e+00
   1.25127e-01 	    7.28680e+00
   1.25995e-01 	    7.32941e+00
   1.26869e-01 	    7.37226e+00
   1.27750e-01 	    7.41533e+00
   1.28636e-01 	    7.45863e+00
   1.29528e-01 	    7.50216e+00
   1.30427e-01 	    7.54590e+00
   1.31332e-01 	    7.58988e+00
   1.32243e-01 	    7.63407e+00
   1.33161e-01 	    7.67848e+00
   1.34085e-01 	    7.72311e+00
   1.35015e-01 	    7.76796e+00
   1.35952e-01 	    7.81303e+00
   1.36896e-01 	    7.85831e+00
   1.37845e-01 	    7.90381e+00
   1.38802e-01 	    7.94951e+00
   1.39765e-01 	    7.99543e+00
   1.40735e-01 	    8.04156e+00
   1.41711e-01 	    8.08790e+00
   1.42695e-01 	    8.13444e+00
   1.43685e-01 	    8.18119e+00
   1.44682e-01 	    8.22815e+00
   1.45686e-01 	    8.27531e+00
   1.46696e-01 	    8.32267e+00
   1.47714e-01 	    8.37023e+00
   1.48739e-01 	    8.41799e+00
   1.49771e-01 	    8.46595e+00
   1.50810e-01 	    8.51410e+00
   1.51857e-01 	    8.56245e+00
   1.52911e-01 	    8.61099e+00
   1.53972e-01 	    8.65972e+00
   1.55040e-01 	    8.70865e+00
   1.56116e-01 	    8.75776e+00
   1.57199e-01 	    8.80707e+00
   1.58290e-01 	    8.85655e+00
   1.59388e-01 	    8.90623e+00
   1.60494e-01 	    8.95608e+00
   1.61607e-01 	    9.00612e+00
   1.62729e-01 	    9.05634e+00
   1.63858e-01 	    9.10674e+00
   1.64995e-01 	    9.15732e+00
   1.66140e-01 	    9.20807e+00
   1.67292e-01 	    9.25900e+00
   1.68453e-01 	    9.31010e+00
   1.69622e-01 	    9.36138e+00
   1.70799e-01 	    9.41282e+00
   1.71984e-01 	    9.46443e+00
   1.73177e-01 	    9.51621e+00
   1.74379e-01 	    9.56816e+00
   1.75589e-01 	    9.62027e+00
   1.76807e-01 	    9.67254e+00
   1.78034e-01 	    9.72497e+00
   1.79270e-01 	    9.77756e+00
   1.80513e-01 	    9.83031e+00
   1.81766e-01 	    9.88322e+00
   1.83027e-01 	    9.93627e+00
   1.84297e-01 	    9.98948e+00
   1.85576e-01 	    1.00428e+01
   1.86863e-01 	    1.00964e+01
   1.88160e-01 	    1.01500e+01
   1.89466e-01 	    1.02038e+01
   1.90780e-01 	    1.02578e+01
   1.92104e-01 	    1.03118e+01
   1.93437e-01 	    1.03661e+01
   1.94779e-01 	    1.04204e+01
   1.96131e-01 	    1.04750e+01
   1.97492e-01 	    1.05296e+01
   1.98862e-01 	    1.05844e+01
   2.00242e-01 	    1.06393e+01
   2.01631e-01 	    1.06944e+01
   2.03030e-01 	    1.07495e+01
   2.04439e-01 	    1.08049e+01
   2.05857e-01 	    1.08603e+01
   2.07286e-01 	    1.09159e+01
   2.08724e-01 	    1.09716e+01
   2.10172e-01 	    1.10274e+01
   2.11631e-01 	    1.10834e+01
   2.13099e-01 	    1.11395e+01
   2.14578e-01 	    1.11957e+01
   2.16067e-01 	    1.12520e+01
   2.17566e-01 	    1.13084e+01
   2.19075e-01 	    1.13650e+01
   2.20595e-01 	    1.14217e+01
   2.22126e-01 	    1.14785e+01
   2.23667e-01 	    1.15354e+01
   2.25219e-01 	    1.15924e+01
   2.26782e-01 	    1.16495e+01
   2.28356e-01 	    1.17068e+01
   2.29940e-01 	    1.17641e+01
   2.31535e-01 	    1.18216e+01
   2.33142e-01 	    1.18791e+01
   2.34760e-01 	    1.19368e+01
   2.36389e-01 	    1.19946e+01
   2.38029e-01 	    1.20524e+01
   2.39680e-01 	    1.21104e+01
   2.41343e-01 	    1.21685e+01
   2.43018e-01 	    1.22266e+01
   2.44704e-01 	    1.22848e+01
   2.46402e-01 	    1.23432e+01
   2.48112e-01 	    1.24016e+01
   2.49833e-01 	    1.24601e+01
   2.51567e-01 	    1.25187e+01
   2.53312e-01 	    1.25774e+01
   2.55070e-01 	    1.26362e+01
   2.56840e-01 	    1.26950e+01
   2.58622e-01 	    1.27539e+01
   2.60417e-01 	    1.28129e+01
   2.62224e-01 	    1.28720e+01
   2.64043e-01 	    1.29311e+01
   2.65875e-01 	    1.29903e+01
   2.67720e-01 	    1.30496e+01
   2.69577e-01 	    1.31089e+01
   2.71448e-01 	    1.31683e+01
   2.73331e-01 	    1.32278e+01
   2.75228e-01 	    1.32873e+01
   2.77138e-01 	    1.33469e+01
   2.79061e-01 	    1.34065e+01
   2.80997e-01 	    1.34662e+01
   2.82947e-01 	    1.35259e+01
   2.84910e-01 	    1.35857e+01
   2.86887e-01 	    1.36455e+01
   2.88877e-01 	    1.37054e+01
   2.90882e-01 	    1.37653e+01
   2.92900e-01 	    1.38252e+01
   2.94933e-01 	    1.38852e+01
   2.96979e-01 	    1.39452e+01
   2.99040e-01 	    1.40053e+01
   3.01115e-01 	    1.40653e+01
   3.03204e-01 	    1.41254e+01
   3.05308e-01 	    1.41856e+01
   3.07426e-01 	    1.42457e+01
   3.09559e-01 	    1.43059e+01
   3.11707e-01 	    1.43660e+01
   3.13870e-01 	    1.44262e+01
   3.16048e-01 	    1.44864e+01
   3.18241e-01 	    1.45467e+01
   3.20449e-01 	    1.46069e+01
   3.22672e-01 	    1.46671e+01
   3.24911e-01 	    1.47274e+01
   3.27166e-01 	    1.47876e+01
   3.29436e-01 	    1.48479e+01
   3.31722e-01 	    1.49081e+01
   3.34023e-01 	    1.49683e+01
   3.36341e-01 	    1.50286e+01
   3.38675e-01 	    1.50888e+01
   3.41025e-01 	    1.51490e+01
   3.43391e-01 	    1.52092e+01
   3.45774e-01 	    1.52694e+01
   3.48173e-01 	    1.53296e+01
   3.50589e-01 	    1.53897e+01
   3.53021e-01 	    1.54498e+01
   3.55471e-01 	    1.55099e+01
   3.57937e-01 	    1.55700e+01
   3.60421e-01 	    1.56300e+01
   3.62922e-01 	    1.56900e+01
   3.65440e-01 	    1.57499e+01
   3.67975e-01 	    1.58098e+01
   3.70529e-01 	    1.58697e+01
   3.73100e-01 	    1.59295e+01
   3.75688e-01 	    1.59892e+01
   3.78295e-01 	    1.60489e+01
   3.80920e-01 	    1.61086e+01
   3.83563e-01 	    1.61681e+01
   3.86224e-01 	    1.62276e+01
   3.88904e-01 	    1.62871e+01
   3.91603e-01 	    1.63464e+01
   3.94320e-01 	    1.64057e+01
   3.97056e-01 	    1.64649e+01
   3.99811e-01 	    1.65240e+01
   4.02585e-01 	    1.65830e+01
   4.05379e-01 	    1.66420e+01
   4.08191e-01 	    1.67008e+01
   4.11024e-01 	    1.67595e+01
   4.13876e-01 	    1.68182e+01
   4.16747e-01 	    1.68767e+01
   4.19639e-01 	    1.69351e+01
   4.22551e-01 	    1.69935e+01
   4.25483e-01 	    1.70516e+01
   4.28435e-01 	    1.71097e+01
   4.31408e-01 	    1.71677e+01
   4.34401e-01 	    1.72255e+01
   4.37415e-01 	    1.72832e+01
   4.40450e-01 	    1.73407e+01
   4.43506e-01 	    1.73982e+01
   4.46584e-01 	    1.74554e+01
   4.49682e-01 	    1.75126e+01
   4.52803e-01 	    1.75695e+01
   4.55944e-01 	    1.76264e+01
   4.59108e-01 	    1.76830e+01
   4.62294e-01 	    1.77395e+01
   4.65501e-01 	    1.77958e+01
   4.68731e-01 	    1.78520e+01
   4.71984e-01 	    1.79080e+01
   4.75258e-01 	    1.79638e+01
   4.78556e-01 	    1.80194e+01
   4.81877e-01 	    1.80748e+01
   4.85220e-01 	    1.81300e+01
   4.88587e-01 	    1.81851e+01
   4.91977e-01 	    1.82399e+01
   4.95391e-01 	    1.82945e+01
   4.98828e-01 	    1.83489e+01
   5.02289e-01 	    1.84031e+01
   5.05774e-01 	    1.84571e+01
   5.09284e-01 	    1.85109e+01
   5.12818e-01 	    1.85644e+01
   5.16376e-01 	    1.86177e+01
   5.19959e-01 	    1.86708e+01
   5.23567e-01 	    1.87236e+01
   5.27199e-01 	    1.87762e+01
   5.30857e-01 	    1.88286e+01
   5.34541e-01 	    1.88807e+01
   5.38250e-01 	    1.89326e+01
   5.41985e-01 	    1.89843e+01
   5.45745e-01 	    1.90357e+01
   5.49532e-01 	    1.90869e+01
   5.53345e-01 	    1.91378e+01
   5.57184e-01 	    1.91885e+01
   5.61050e-01 	    1.92389e+01
   5.64943e-01 	    1.92891e+01
   5.68863e-01 	    1.93390e+01
   5.72810e-01 	    1.93887e+01
   5.76785e-01 	    1.94381e+01
   5.80787e-01 	    1.94872e+01
   5.84817e-01 	    1.95361e+01
   5.88875e-01 	    1.95847e+01
   5.92961e-01 	    1.96331e+01
   5.97075e-01 	    1.96812e+01
   6.01218e-01 	    1.97290e+01
   6.05390e-01 	    1.97766e+01
   6.09590e-01 	    1.98238e+01
   6.13820e-01 	    1.98708e+01
   6.18079e-01 	    1.99176e+01
   6.22368e-01 	    1.99640e+01
   6.26686e-01 	    2.00102e+01
   6.31034e-01 	    2.00560e+01
   6.35413e-01 	    2.01016e+01
   6.39822e-01 	    2.01469e+01
   6.44261e-01 	    2.01919e+01
   6.48732e-01 	    2.02367e+01
   6.53233e-01 	    2.02811e+01
   6.57765e-01 	    2.03252e+01
   6.62329e-01 	    2.03690e+01
   6.66925e-01 	    2.04125e+01
   6.71553e-01 	    2.04557e+01
   6.76212e-01 	    2.04986e+01
   6.80904e-01 	    2.05412e+01
   6.85629e-01 	    2.05834e+01
   6.90386e-01 	    2.06253e+01
   6.95176e-01 	    2.06669e+01
   7.00000e-01 	    2.07082e+01
   7.04857e-01 	    2.07492e+01
   7.09748e-01 	    2.07898e+01
   7.14672e-01 	    2.08301e+01
   7.19631e-01 	    2.08700e+01
   7.24625e-01 	    2.09096e+01
   7.29652e-01 	    2.09489e+01
   7.34715e-01 	    2.09878e+01
   7.39813e-01 	    2.10264e+01
   7.44946e-01 	    2.10646e+01
   7.50115e-01 	    2.11024e+01
   7.55320e-01 	    2.11399e+01
   7.60561e-01 	    2.11770e+01
   7.65838e-01 	    2.12138e+01
   7.71152e-01 	    2.12502e+01
   7.76503e-01 	    2.12862e+01
   7.81891e-01 	    2.13219e+01
   7.87316e-01 	    2.13571e+01
   7.92779e-01 	    2.13920e+01
   7.98280e-01 	    2.14265e+01
   8.03819e-01 	    2.14606e+01
   8.09396e-01 	    2.14943e+01
   8.15012e-01 	    2.15277e+01
   8.20667e-01 	    2.15606e+01
   8.26362e-01 	    2.15931e+01
   8.32095e-01 	    2.16252e+01
   8.37869e-01 	    2.16569e+01
   8.43683e-01 	    2.16883e+01
   8.49537e-01 	    2.17192e+01
   8.55431e-01 	    2.17497e+01
   8.61367e-01 	    2.17797e+01
   8.67344e-01 	    2.18094e+01
   8.73362e-01 	    2.18387e+01
   8.79422e-01 	    2.18676e+01
   8.85524e-01 	    2.18960e+01
   8.91668e-01 	    2.19240e+01
   8.97855e-01 	    2.19517e+01
   9.04085e-01 	    2.19789e+01
   9.10358e-01 	    2.20057e+01
   9.16675e-01 	    2.20320e+01
   9.23035e-01 	    2.20580e+01
   9.29440e-01 	    2.20835e+01
   9.35889e-01 	    2.21086e+01
   9.42382e-01 	    2.21333e+01
   9.48921e-01 	    2.21576e+01
   9.55505e-01 	    2.21814e+01
   9.62135e-01 	    2.22048e+01
   9.68811e-01 	    2.22278e+01
   9.75533e-01 	    2.22504e+01
   9.82302e-01 	    2.22725e+01
   9.89118e-01 	    2.22942e+01
   9.95981e-01 	    2.23155e+01
   1.00289e+00 	    2.23363e+01
   1.00985e+00 	    2.23567e+01
   1.01686e+00 	    2.23767e+01
   1.02391e+00 	    2.23962e+01
   1.03102e+00 	    2.24153e+01
   1.03817e+00 	    2.24340e+01
   1.04538e+00 	    2.24522e+01
   1.05263e+00 	    2.24700e+01
   1.05993e+00 	    2.24873e+01
   1.06729e+00 	    2.25042e+01
   1.07469e+00 	    2.25206e+01
   1.08215e+00 	    2.25366e+01
   1.08966e+00 	    2.25522e+01
   1.09722e+00 	    2.25672e+01
   1.10483e+00 	    2.25819e+01
   1.11250e+00 	    2.25961e+01
   1.12022e+00 	    2.26098e+01
   1.12799e+00 	    2.26231e+01
   1.13582e+00 	    2.26359e+01
   1.14370e+00 	    2.26482e+01
   1.15163e+00 	    2.26601e+01
   1.15962e+00 	    2.26715e+01
   1.16767e+00 	    2.26825e+01
   1.17577e+00 	    2.26930e+01
   1.18393e+00 	    2.27030e+01
   1.19215e+00 	    2.27126e+01
   1.20042e+00 	    2.27217e+01
   1.20875e+00 	    2.27303e+01
   1.21713e+00 	    2.27384e+01
   1.22558e+00 	    2.27461e+01
   1.23408e+00 	    2.27533e+01
   1.24265e+00 	    2.27600e+01
   1.25127e+00 	    2.27663e+01
   1.25995e+00 	    2.27720e+01
   1.26869e+00 	    2.27773e+01
   1.27750e+00 	    2.27822e+01
   1.28636e+00 	    2.27865e+01
   1.29528e+00 	    2.27904e+01
   1.30427e+00 	    2.27938e+01
   1.31332e+00 	    2.27968e+01
   1.32243e+00 	    2.27992e+01
   1.33161e+00 	    2.28012e+01
   1.34085e+00 	    2.28027e+01
   1.35015e+00 	    2.28038e+01
   1.35952e+00 	    2.28043e+01
   1.36896e+00 	    2.28044e+01
   1.37845e+00 	    2.28040e+01
   1.38802e+00 	    2.28032e+01
   1.39765e+00 	    2.28018e+01
   1.40735e+00 	    2.28001e+01
   1.41711e+00 	    2.27978e+01
   1.42695e+00 	    2.27951e+01
   1.43685e+00 	    2.27919e+01
   1.44682e+00 	    2.27883e+01
   1.45686e+00 	    2.27842e+01
   1.46696e+00 	    2.27797e+01
   1.47714e+00 	    2.27747e+01
   1.48739e+00 	    2.27692e+01
   1.49771e+00 	    2.27633e+01
   1.50810e+00 	    2.27570e+01
   1.51857e+00 	    2.27502e+01
   1.52911e+00 	    2.27430e+01
   1.53972e+00 	    2.27353e+01
   1.55040e+00 	    2.27272e+01
   1.56116e+00 	    2.27186e+01
   1.57199e+00 	    2.27096e+01
   1.58290e+00 	    2.27002e+01
   1.59388e+00 	    2.26903e+01
   1.60494e+00 	    2.26800e+01
   1.61607e+00 	    2.26693e+01
   1.62729e+00 	    2.26581e+01
   1.63858e+00 	    2.26465e+01
   1.64995e+00 	    2.26345e+01
   1.66140e+00 	    2.26220e+01
   1.67292e+00 	    2.26092e+01
   1.68453e+00 	    2.25958e+01
   1.69622e+00 	    2.25821e+01
   1.70799e+00 	    2.25679e+01
   1.71984e+00 	    2.25533e+01
   1.73177e+00 	    2.25383e+01
   1.74379e+00 	    2.25228e+01
   1.75589e+00 	    2.25069e+01
   1.76807e+00 	    2.24906e+01
   1.78034e+00 	    2.24739e+01
   1.79270e+00 	    2.24567e+01
   1.80513e+00 	    2.24391e+01
   1.81766e+00 	    2.24211e+01
   1.83027e+00 	    2.24027e+01
   1.84297e+00 	    2.23838e+01
   1.85576e+00 	    2.23645e+01
   1.86863e+00 	    2.23448e+01
   1.88160e+00 	    2.23246e+01
   1.89466e+00 	    2.23041e+01
   1.90780e+00 	    2.22830e+01
   1.92104e+00 	    2.22616e+01
   1.93437e+00 	    2.22398e+01
   1.94779e+00 	    2.22175e+01
   1.96131e+00 	    2.21947e+01
   1.97492e+00 	    2.21716e+01
   1.98862e+00 	    2.21480e+01
   2.00242e+00 	    2.21240e+01
   2.01631e+00 	    2.20995e+01
   2.03030e+00 	    2.20746e+01
   2.04439e+00 	    2.20492e+01
   2.05857e+00 	    2.20234e+01
   2.07286e+00 	    2.19972e+01
   2.08724e+00 	    2.19705e+01
   2.10172e+00 	    2.19434e+01
   2.11631e+00 	    2.19158e+01
   2.13099e+00 	    2.18877e+01
   2.14578e+00 	    2.18592e+01
   2.16067e+00 	    2.18303e+01
   2.17566e+00 	    2.18008e+01
   2.19075e+00 	    2.17709e+01
   2.20595e+00 	    2.17405e+01
   2.22126e+00 	    2.17097e+01
   2.23667e+00 	    2.16783e+01
   2.25219e+00 	    2.16465e+01
   2.26782e+00 	    2.16141e+01
   2.28356e+00 	    2.15813e+01
   2.29940e+00 	    2.15480e+01
   2.31535e+00 	    2.15143e+01
   2.33142e+00 	    2.14800e+01
   2.34760e+00 	    2.14452e+01
   2.36389e+00 	    2.14100e+01
   2.38029e+00 	    2.13742e+01
   2.39680e+00 	    2.13380e+01
   2.41343e+00 	    2.13013e+01
   2.43018e+00 	    2.12640e+01
   2.44704e+00 	    2.12262e+01
   2.46402e+00 	    2.11880e+01
   2.48112e+00 	    2.11492e+01
   2.49833e+00 	    2.11099e+01
   2.51567e+00 	    2.10700e+01
   2.53312e+00 	    2.10296e+01
   2.55070e+00 	    2.09886e+01
   2.56840e+00 	    2.09471e+01
   2.58622e+00 	    2.09050e+01
   2.60417e+00 	    2.08623e+01
   2.62224e+00 	    2.08190e+01
   2.64043e+00 	    2.07751e+01
   2.65875e+00 	    2.07306e+01
   2.67720e+00 	    2.06854e+01
   2.69577e+00 	    2.06395e+01
   2.71448e+00 	    2.05929e+01
   2.73331e+00 	    2.05455e+01
   2.75228e+00 	    2.04974e+01
   2.77138e+00 	    2.04485e+01
   2.79061e+00 	    2.03987e+01
   2.80997e+00 	    2.03481e+01
   2.82947e+00 	    2.02965e+01
   2.84910e+00 	    2.02439e+01
   2.86887e+00 	    2.01902e+01
   2.88877e+00 	    2.01354e+01
   2.90882e+00 	    2.00793e+01
   2.92900e+00 	    2.00219e+01
   2.94933e+00 	    1.99630e+01
   2.96979e+00 	    1.99024e+01
   2.99040e+00 	    1.98399e+01
   3.01115e+00 	    1.97750e+01
   3.03204e+00 	    1.97071e+01
   3.05308e+00 	    1.96340e+01
   3.07426e+00 	    1.95525e+01
   3.09559e+00 	    1.94747e+01
   3.11707e+00 	    1.93974e+01
   3.13870e+00 	    1.93206e+01
   3.16048e+00 	    1.92443e+01
   3.18241e+00 	    1.91684e+01
   3.20449e+00 	    1.90930e+01
   3.22672e+00 	    1.90182e+01
   3.24911e+00 	    1.89438e+01
   3.27166e+00 	    1.88700e+01
   3.29436e+00 	    1.87967e+01
   3.31722e+00 	    1.87240e+01
   3.34023e+00 	    1.86518e+01
   3.36341e+00 	    1.85802e+01
   3.38675e+00 	    1.85092e+01
   3.41025e+00 	    1.84388e+01
   3.43391e+00 	    1.83691e+01
   3.45774e+00 	    1.82999e+01
   3.48173e+00 	    1.82314e+01
   3.50589e+00 	    1.81635e+01
   3.53021e+00 	    1.80963e+01
   3.55471e+00 	    1.80298e+01
   3.57937e+00 	    1.79640e+01
   3.60421e+00 	    1.78989e+01
   3.62922e+00 	    1.78344e+01
   3.65440e+00 	    1.77707e+01
   3.67975e+00 	    1.77078e+01
   3.70529e+00 	    1.76455e+01
   3.73100e+00 	    1.75839e+01
   3.75688e+00 	    1.75231e+01
   3.78295e+00 	    1.74630e+01
   3.80920e+00 	    1.74035e+01
   3.83563e+00 	    1.73448e+01
   3.86224e+00 	    1.72868e+01
   3.88904e+00 	    1.72294e+01
   3.91603e+00 	    1.71728e+01
   3.94320e+00 	    1.71168e+01
   3.97056e+00 	    1.70615e+01
   3.99811e+00 	    1.70069e+01
   4.02585e+00 	    1.69530e+01
   4.05379e+00 	    1.68998e+01
   4.08191e+00 	    1.68472e+01
   4.11024e+00 	    1.67953e+01
   4.13876e+00 	    1.67441e+01
   4.16747e+00 	    1.66935e+01
   4.19639e+00 	    1.66436e+01
   4.22551e+00 	    1.65943e+01
   4.25483e+00 	    1.65457e+01
   4.28435e+00 	    1.64978e+01
   4.31408e+00 	    1.64505e+01
   4.34401e+00 	    1.64038e+01
   4.37415e+00 	    1.63578e+01
   4.40450e+00 	    1.63124e+01
   4.43506e+00 	    1.62677e+01
   4.46584e+00 	    1.62235e+01
   4.49682e+00 	    1.61801e+01
   4.52803e+00 	    1.61372e+01
   4.55944e+00 	    1.60950e+01
   4.59108e+00 	    1.60533e+01
   4.62294e+00 	    1.60123e+01
   4.65501e+00 	    1.59720e+01
   4.68731e+00 	    1.59322e+01
   4.71984e+00 	    1.58930e+01
   4.75258e+00 	    1.58545e+01
   4.78556e+00 	    1.58165e+01
   4.81877e+00 	    1.57791e+01
   4.85220e+00 	    1.57423e+01
   4.88587e+00 	    1.57062e+01
   4.91977e+00 	    1.56706e+01
   4.95391e+00 	    1.56356e+01
   4.98828e+00 	    1.56011e+01
   5.02289e+00 	    1.55673e+01
   5.05774e+00 	    1.55340e+01
   5.09284e+00 	    1.55013e+01
   5.12818e+00 	    1.54692e+01
   5.16376e+00 	    1.54376e+01
   5.19959e+00 	    1.54066e+01
   5.23567e+00 	    1.53762e+01
   5.27199e+00 	    1.53463e+01
   5.30857e+00 	    1.53170e+01
   5.34541e+00 	    1.52882e+01
   5.38250e+00 	    1.52600e+01
   5.41985e+00 	    1.52323e+01
   5.45745e+00 	    1.52051e+01
   5.49532e+00 	    1.51785e+01
   5.53345e+00 	    1.51525e+01
   5.57184e+00 	    1.51269e+01
   5.61050e+00 	    1.51019e+01
   5.64943e+00 	    1.50775e+01
   5.68863e+00 	    1.50535e+01
   5.72810e+00 	    1.50301e+01
   5.76785e+00 	    1.50072e+01
   5.80787e+00 	    1.49848e+01
   5.84817e+00 	    1.49629e+01
   5.88875e+00 	    1.49415e+01
   5.92961e+00 	    1.49206e+01
   5.97075e+00 	    1.49003e+01
   6.01218e+00 	    1.48804e+01
   6.05390e+00 	    1.48610e+01
   6.09590e+00 	    1.48421e+01
   6.13820e+00 	    1.48238e+01
   6.18079e+00 	    1.48059e+01
   6.22368e+00 	    1.47885e+01
   6.26686e+00 	    1.47716e+01
   6.31034e+00 	    1.47552e+01
   6.35413e+00 	    1.47392e+01
   6.39822e+00 	    1.47238e+01
   6.44261e+00 	    1.47088e+01
   6.48732e+00 	    1.46943e+01
   6.53233e+00 	    1.46803e+01
   6.57765e+00 	    1.46667e+01
   6.62329e+00 	    1.46536e+01
   6.66925e+00 	    1.46410e+01
   6.71553e+00 	    1.46289e+01
   6.76212e+00 	    1.46172e+01
   6.80904e+00 	    1.46060e+01
   6.85629e+00 	    1.45953e+01
   6.90386e+00 	    1.45850e+01
   6.95176e+00 	    1.45752e+01
   7.00000e+00 	    1.45658e+01
   7.04857e+00 	    1.45569e+01
   7.09748e+00 	    1.45485e+01
   7.14672e+00 	    1.45405e+01
   7.19631e+00 	    1.45329e+01
   7.24625e+00 	    1.45258e+01
   7.29652e+00 	    1.45192e+01
   7.34715e+00 	    1.45129e+01
   7.39813e+00 	    1.45072e+01
   7.44946e+00 	    1.45018e+01
   7.50115e+00 	    1.44969e+01
   7.55320e+00 	    1.44924e+01
   7.60561e+00 	    1.44884e+01
   7.65838e+00 	    1.44848e+01
   7.71152e+00 	    1.44816e+01
   7.76503e+00 	    1.44789e+01
   7.81891e+00 	    1.44765e+01
   7.87316e+00 	    1.44746e+01
   7.92779e+00 	    1.44731e+01
   7.98280e+00 	    1.44721e+01
   8.03819e+00 	    1.44714e+01
   8.09396e+00 	    1.44711e+01
   8.15012e+00 	    1.44713e+01
   8.20667e+00 	    1.44719e+01
   8.26362e+00 	    1.44729e+01
   8.32095e+00 	    1.44742e+01
   8.37869e+00 	    1.44760e+01
   8.43683e+00 	    1.44782e+01
   8.49537e+00 	    1.44808e+01
   8.55431e+00 	    1.44838e+01
   8.61367e+00 	    1.44871e+01
   8.67344e+00 	    1.44909e+01
   8.73362e+00 	    1.44950e+01
   8.79422e+00 	    1.44995e+01
   8.85524e+00 	    1.45044e+01
   8.91668e+00 	    1.45097e+01
   8.97855e+00 	    1.45153e+01
   9.04085e+00 	    1.45214e+01
   9.10358e+00 	    1.45278e+01
   9.16675e+00 	    1.45345e+01
   9.23035e+00 	    1.45416e+01
   9.29440e+00 	    1.45491e+01
   9.35889e+00 	    1.45570e+01
   9.42382e+00 	    1.45652e+01
   9.48921e+00 	    1.45737e+01
   9.55505e+00 	    1.45826e+01
   9.62135e+00 	    1.45919e+01
   9.68811e+00 	    1.46015e+01
   9.75533e+00 	    1.46114e+01
   9.82302e+00 	    1.46216e+01
   9.89118e+00 	    1.46323e+01
   9.95981e+00 	    1.46432e+01
   1.00289e+01 	    1.46544e+01
   1.00985e+01 	    1.46660e+01
   1.01686e+01 	    1.46779e+01
   1.02391e+01 	    1.46902e+01
   1.03102e+01 	    1.47027e+01
   1.03817e+01 	    1.47156e+01
   1.04538e+01 	    1.47288e+01
   1.05263e+01 	    1.47422e+01
   1.05993e+01 	    1.47560e+01
   1.06729e+01 	    1.47701e+01
   1.07469e+01 	    1.47845e+01
   1.08215e+01 	    1.47992e+01
   1.08966e+01 	    1.48141e+01
   1.09722e+01 	    1.48294e+01
   1.10483e+01 	    1.48449e+01
   1.11250e+01 	    1.48608e+01
   1.12022e+01 	    1.48769e+01
   1.12799e+01 	    1.48932e+01
   1.13582e+01 	    1.49099e+01
   1.14370e+01 	    1.49268e+01
   1.15163e+01 	    1.49439e+01
   1.15962e+01 	    1.49614e+01
   1.16767e+01 	    1.49791e+01
   1.17577e+01 	    1.49970e+01
   1.18393e+01 	    1.50152e+01
   1.19215e+01 	    1.50336e+01
   1.20042e+01 	    1.50523e+01
   1.20875e+01 	    1.50711e+01
   1.21713e+01 	    1.50903e+01
   1.22558e+01 	    1.51096e+01
   1.23408e+01 	    1.51292e+01
   1.24265e+01 	    1.51490e+01
   1.25127e+01 	    1.51690e+01
   1.25995e+01 	    1.51892e+01
   1.26869e+01 	    1.52096e+01
   1.27750e+01 	    1.52303e+01
   1.28636e+01 	    1.52511e+01
   1.29528e+01 	    1.52721e+01
   1.30427e+01 	    1.52933e+01
   1.31332e+01 	    1.53147e+01
   1.32243e+01 	    1.53362e+01
   1.33161e+01 	    1.53579e+01
   1.34085e+01 	    1.53798e+01
   1.35015e+01 	    1.54019e+01
   1.35952e+01 	    1.54241e+01
   1.36896e+01 	    1.54464e+01
   1.37845e+01 	    1.54690e+01
   1.38802e+01 	    1.54916e+01
   1.39765e+01 	    1.55144e+01
   1.40735e+01 	    1.55373e+01
   1.41711e+01 	    1.55604e+01
   1.42695e+01 	    1.55835e+01
   1.43685e+01 	    1.56068e+01
   1.44682e+01 	    1.56302e+01
   1.45686e+01 	    1.56537e+01
   1.46696e+01 	    1.56773e+01
   1.47714e+01 	    1.57010e+01
   1.48739e+01 	    1.57248e+01
   1.49771e+01 	    1.57486e+01
   1.50810e+01 	    1.57726e+01
   1.51857e+01 	    1.57966e+01
   1.52911e+01 	    1.58207e+01
   1.53972e+01 	    1.58448e+01
   1.55040e+01 	    1.58690e+01
   1.56116e+01 	    1.58932e+01
   1.57199e+01 	    1.59175e+01
   1.58290e+01 	    1.59418e+01
   1.59388e+01 	    1.59661e+01
   1.60494e+01 	    1.59905e+01
   1.61607e+01 	    1.60149e+01
   1.62729e+01 	    1.60393e+01
   1.63858e+01 	    1.60638e+01
   1.64995e+01 	    1.60882e+01
   1.66140e+01 	    1.61127e+01
   1.67292e+01 	    1.61373e+01
   1.68453e+01 	    1.61618e+01
   1.69622e+01 	    1.61863e+01
   1.70799e+01 	    1.62109e+01
   1.71984e+01 	    1.62355e+01
   1.73177e+01 	    1.62601e+01
   1.74379e+01 	    1.62846e+01
   1.75589e+01 	    1.63092e+01
   1.76807e+01 	    1.63338e+01
   1.78034e+01 	    1.63584e+01
   1.79270e+01 	    1.63830e+01
   1.80513e+01 	    1.64075e+01
   1.81766e+01 	    1.64321e+01
   1.83027e+01 	    1.64566e+01
   1.84297e+01 	    1.64811e+01
   1.85576e+01 	    1.65056e+01
   1.86863e+01 	    1.65301e+01
   1.88160e+01 	    1.65545e+01
   1.89466e+01 	    1.65789e+01
   1.90780e+01 	    1.66033e+01
   1.92104e+01 	    1.66276e+01
   1.93437e+01 	    1.66519e+01
   1.94779e+01 	    1.66761e+01
   1.96131e+01 	    1.67003e+01
   1.97492e+01 	    1.67244e+01
   1.98862e+01 	    1.67485e+01
   2.00242e+01 	    1.67725e+01
   2.01631e+01 	    1.67964e+01
   2.03030e+01 	    1.68202e+01
   2.04439e+01 	    1.68439e+01
   2.05857e+01 	    1.68676e+01
   2.07286e+01 	    1.68912e+01
   2.08724e+01 	    1.69147e+01
   2.10172e+01 	    1.69380e+01
   2.11631e+01 	    1.69613e+01
   2.13099e+01 	    1.69845e+01
   2.14578e+01 	    1.70075e+01
   2.16067e+01 	    1.70304e+01
   2.17566e+01 	    1.70532e+01
   2.19075e+01 	    1.70758e+01
   2.20595e+01 	    1.70983e+01
   2.22126e+01 	    1.71207e+01
   2.23667e+01 	    1.71429e+01
   2.25219e+01 	    1.71649e+01
   2.26782e+01 	    1.71868e+01
   2.28356e+01 	    1.72085e+01
   2.29940e+01 	    1.72301e+01
   2.31535e+01 	    1.72514e+01
   2.33142e+01 	    1.72725e+01
   2.34760e+01 	    1.72935e+01
   2.36389e+01 	    1.73142e+01
   2.38029e+01 	    1.73348e+01
   2.39680e+01 	    1.73551e+01
   2.41343e+01 	    1.73752e+01
   2.43018e+01 	    1.73951e+01
   2.44704e+01 	    1.74147e+01
   2.46402e+01 	    1.74340e+01
   2.48112e+01 	    1.74532e+01
   2.49833e+01 	    1.74720e+01
   2.51567e+01 	    1.74906e+01
   2.53312e+01 	    1.75089e+01
   2.55070e+01 	    1.75269e+01
   2.56840e+01 	    1.75447e+01
   2.58622e+01 	    1.75621e+01
   2.60417e+01 	    1.75792e+01
   2.62224e+01 	    1.75960e+01
   2.64043e+01 	    1.76125e+01
   2.65875e+01 	    1.76286e+01
   2.67720e+01 	    1.76445e+01
   2.69577e+01 	    1.76600e+01
   2.71448e+01 	    1.76752e+01
   2.73331e+01 	    1.76900e+01
   2.75228e+01 	    1.77045e+01
   2.77138e+01 	    1.77187e+01
   2.79061e+01 	    1.77325e+01
   2.80997e+01 	    1.77460e+01
   2.82947e+01 	    1.77591e+01
   2.84910e+01 	    1.77719e+01
   2.86887e+01 	    1.77843e+01
   2.88877e+01 	    1.77964e+01
   2.90882e+01 	    1.78081e+01
   2.92900e+01 	    1.78195e+01
   2.94933e+01 	    1.78305e+01
   2.96979e+01 	    1.78411e+01
   2.99040e+01 	    1.78513e+01
   3.01115e+01 	    1.78612e+01
   3.03204e+01 	    1.78707e+01
   3.05308e+01 	    1.78798e+01
   3.07426e+01 	    1.78886e+01
   3.09559e+01 	    1.78969e+01
   3.11707e+01 	    1.79049e+01
   3.13870e+01 	    1.79124e+01
   3.16048e+01 	    1.79196e+01
   3.18241e+01 	    1.79264e+01
   3.20449e+01 	    1.79328e+01
   3.22672e+01 	    1.79387e+01
   3.24911e+01 	    1.79443e+01
   3.27166e+01 	    1.79494e+01
   3.29436e+01 	    1.79541e+01
   3.31722e+01 	    1.79584e+01
   3.34023e+01 	    1.79623e+01
   3.36341e+01 	    1.79658e+01
   3.38675e+01 	    1.79688e+01
   3.41025e+01 	    1.79714e+01
   3.43391e+01 	    1.79735e+01
   3.45774e+01 	    1.79752e+01
   3.48173e+01 	    1.79765e+01
   3.50589e+01 	    1.79773e+01
   3.53021e+01 	    1.79776e+01
   3.55471e+01 	    1.79775e+01
   3.57937e+01 	    1.79770e+01
   3.60421e+01 	    1.79760e+01
   3.62922e+01 	    1.79745e+01
   3.65440e+01 	    1.79725e+01
   3.67975e+01 	    1.79701e+01
   3.70529e+01 	    1.79672e+01
   3.73100e+01 	    1.79638e+01
   3.75688e+01 	    1.79599e+01
   3.78295e+01 	    1.79555e+01
   3.80920e+01 	    1.79506e+01
   3.83563e+01 	    1.79453e+01
   3.86224e+01 	    1.79394e+01
   3.88904e+01 	    1.79330e+01
   3.91603e+01 	    1.79261e+01
   3.94320e+01 	    1.79187e+01
   3.97056e+01 	    1.79108e+01
   3.99811e+01 	    1.79024e+01
   4.02585e+01 	    1.78935e+01
   4.05379e+01 	    1.78840e+01
   4.08191e+01 	    1.78740e+01
   4.11024e+01 	    1.78634e+01
   4.13876e+01 	    1.78523e+01
   4.16747e+01 	    1.78407e+01
   4.19639e+01 	    1.78286e+01
   4.22551e+01 	    1.78159e+01
   4.25483e+01 	    1.78026e+01
   4.28435e+01 	    1.77888e+01
   4.31408e+01 	    1.77744e+01
   4.34401e+01 	    1.77595e+01
   4.37415e+01 	    1.77440e+01
   4.40450e+01 	    1.77280e+01
   4.43506e+01 	    1.77114e+01
   4.46584e+01 	    1.76943e+01
   4.49682e+01 	    1.76765e+01
   4.52803e+01 	    1.76582e+01
   4.55944e+01 	    1.76394e+01
   4.59108e+01 	    1.76200e+01
   4.62294e+01 	    1.76000e+01
   4.65501e+01 	    1.75794e+01
   4.68731e+01 	    1.75583e+01
   4.71984e+01 	    1.75366e+01
   4.75258e+01 	    1.75143e+01
   4.78556e+01 	    1.74914e+01
   4.81877e+01 	    1.74680e+01
   4.85220e+01 	    1.74440e+01
   4.88587e+01 	    1.74195e+01
   4.91977e+01 	    1.73943e+01
   4.95391e+01 	    1.73686e+01
   4.98828e+01 	    1.73423e+01
   5.02289e+01 	    1.73154e+01
   5.05774e+01 	    1.72880e+01
   5.09284e+01 	    1.72600e+01
   5.12818e+01 	    1.72314e+01
   5.16376e+01 	    1.72022e+01
   5.19959e+01 	    1.71724e+01
   5.23567e+01 	    1.71421e+01
   5.27199e+01 	    1.71112e+01
   5.30857e+01 	    1.70798e+01
   5.34541e+01 	    1.70477e+01
   5.38250e+01 	    1.70151e+01
   5.41985e+01 	    1.69820e+01
   5.45745e+01 	    1.69482e+01
   5.49532e+01 	    1.69139e+01
   5.53345e+01 	    1.68790e+01
   5.57184e+01 	    1.68436e+01
   5.61050e+01 	    1.68143e+01
   5.64943e+01 	    1.67776e+01
   5.68863e+01 	    1.67401e+01
   5.72810e+01 	    1.67021e+01
   5.76785e+01 	    1.66633e+01
   5.80787e+01 	    1.66239e+01
   5.84817e+01 	    1.65838e+01
   5.88875e+01 	    1.65430e+01
   5.92961e+01 	    1.65017e+01
   5.97075e+01 	    1.64596e+01
   6.01218e+01 	    1.64169e+01
   6.05390e+01 	    1.63736e+01
   6.09590e+01 	    1.63297e+01
   6.13820e+01 	    1.62851e+01
   6.18079e+01 	    1.62399e+01
   6.22368e+01 	    1.61940e+01
   6.26686e+01 	    1.61474e+01
   6.31034e+01 	    1.61002e+01
   6.35413e+01 	    1.60524e+01
   6.39822e+01 	    1.60038e+01
   6.44261e+01 	    1.59546e+01
   6.48732e+01 	    1.59046e+01
   6.53233e+01 	    1.58539e+01
   6.57765e+01 	    1.58025e+01
   6.62329e+01 	    1.57504e+01
   6.66925e+01 	    1.56976e+01
   6.71553e+01 	    1.56439e+01
   6.76212e+01 	    1.55896e+01
   6.80904e+01 	    1.55344e+01
   6.85629e+01 	    1.54785e+01
   6.90386e+01 	    1.54218e+01
   6.95176e+01 	    1.53642e+01
   7.00000e+01 	    1.53058e+01
