#Omega_b = 0.050000
#Omega_m = 0.300000
#Omega_de = 0.680000
#hubble = 0.700000
#w0 = -0.800000
#wa = 0.200000
#sigma8 = 0.800000
#n_s = 0.960000
#
#M sigma^2(M) ;; M is in h^-1 Msun. 
9.150000e+12 	 2.098956e+00
9.211019e+12 	 2.094080e+00
9.272444e+12 	 2.089213e+00
9.334279e+12 	 2.084355e+00
9.396527e+12 	 2.079505e+00
9.459189e+12 	 2.074664e+00
9.522270e+12 	 2.069831e+00
9.585771e+12 	 2.065007e+00
9.649695e+12 	 2.060191e+00
9.714046e+12 	 2.055384e+00
9.778826e+12 	 2.050586e+00
9.844038e+12 	 2.045795e+00
9.909685e+12 	 2.041014e+00
9.975770e+12 	 2.036240e+00
1.004230e+13 	 2.031476e+00
1.010926e+13 	 2.026719e+00
1.017668e+13 	 2.021971e+00
1.024454e+13 	 2.017232e+00
1.031286e+13 	 2.012501e+00
1.038164e+13 	 2.007778e+00
1.045087e+13 	 2.003064e+00
1.052056e+13 	 1.998358e+00
1.059072e+13 	 1.993661e+00
1.066135e+13 	 1.988972e+00
1.073244e+13 	 1.984291e+00
1.080402e+13 	 1.979619e+00
1.087606e+13 	 1.974955e+00
1.094859e+13 	 1.970299e+00
1.102161e+13 	 1.965652e+00
1.109511e+13 	 1.961013e+00
1.116910e+13 	 1.956382e+00
1.124358e+13 	 1.951759e+00
1.131856e+13 	 1.947145e+00
1.139404e+13 	 1.942539e+00
1.147002e+13 	 1.937942e+00
1.154651e+13 	 1.933353e+00
1.162351e+13 	 1.928771e+00
1.170103e+13 	 1.924199e+00
1.177906e+13 	 1.919634e+00
1.185761e+13 	 1.915078e+00
1.193668e+13 	 1.910530e+00
1.201628e+13 	 1.905990e+00
1.209642e+13 	 1.901458e+00
1.217708e+13 	 1.896934e+00
1.225829e+13 	 1.892419e+00
1.234004e+13 	 1.887912e+00
1.242233e+13 	 1.883413e+00
1.250517e+13 	 1.878922e+00
1.258856e+13 	 1.874439e+00
1.267251e+13 	 1.869965e+00
1.275702e+13 	 1.865498e+00
1.284209e+13 	 1.861040e+00
1.292773e+13 	 1.856590e+00
1.301394e+13 	 1.852148e+00
1.310073e+13 	 1.847714e+00
1.318810e+13 	 1.843288e+00
1.327604e+13 	 1.838870e+00
1.336458e+13 	 1.834460e+00
1.345370e+13 	 1.830058e+00
1.354342e+13 	 1.825664e+00
1.363374e+13 	 1.821279e+00
1.372466e+13 	 1.816901e+00
1.381618e+13 	 1.812531e+00
1.390832e+13 	 1.808170e+00
1.400107e+13 	 1.803816e+00
1.409444e+13 	 1.799470e+00
1.418843e+13 	 1.795133e+00
1.428305e+13 	 1.790803e+00
1.437830e+13 	 1.786481e+00
1.447418e+13 	 1.782167e+00
1.457070e+13 	 1.777862e+00
1.466787e+13 	 1.773564e+00
1.476569e+13 	 1.769274e+00
1.486416e+13 	 1.764992e+00
1.496328e+13 	 1.760717e+00
1.506307e+13 	 1.756451e+00
1.516352e+13 	 1.752193e+00
1.526464e+13 	 1.747942e+00
1.536643e+13 	 1.743700e+00
1.546891e+13 	 1.739465e+00
1.557206e+13 	 1.735238e+00
1.567591e+13 	 1.731019e+00
1.578045e+13 	 1.726808e+00
1.588568e+13 	 1.722604e+00
1.599162e+13 	 1.718409e+00
1.609826e+13 	 1.714221e+00
1.620562e+13 	 1.710041e+00
1.631369e+13 	 1.705869e+00
1.642248e+13 	 1.701704e+00
1.653199e+13 	 1.697547e+00
1.664224e+13 	 1.693399e+00
1.675322e+13 	 1.689257e+00
1.686495e+13 	 1.685124e+00
1.697741e+13 	 1.680998e+00
1.709063e+13 	 1.676880e+00
1.720460e+13 	 1.672770e+00
1.731933e+13 	 1.668668e+00
1.743483e+13 	 1.664573e+00
1.755110e+13 	 1.660486e+00
1.766814e+13 	 1.656406e+00
1.778597e+13 	 1.652334e+00
1.790457e+13 	 1.648270e+00
1.802397e+13 	 1.644214e+00
1.814417e+13 	 1.640165e+00
1.826517e+13 	 1.636124e+00
1.838697e+13 	 1.632090e+00
1.850959e+13 	 1.628064e+00
1.863303e+13 	 1.624046e+00
1.875728e+13 	 1.620035e+00
1.888237e+13 	 1.616032e+00
1.900829e+13 	 1.612036e+00
1.913505e+13 	 1.608048e+00
1.926266e+13 	 1.604068e+00
1.939111e+13 	 1.600095e+00
1.952043e+13 	 1.596130e+00
1.965060e+13 	 1.592172e+00
1.978165e+13 	 1.588222e+00
1.991357e+13 	 1.584279e+00
2.004636e+13 	 1.580344e+00
2.018005e+13 	 1.576416e+00
2.031462e+13 	 1.572495e+00
2.045009e+13 	 1.568583e+00
2.058647e+13 	 1.564677e+00
2.072375e+13 	 1.560779e+00
2.086195e+13 	 1.556889e+00
2.100108e+13 	 1.553006e+00
2.114113e+13 	 1.549130e+00
2.128211e+13 	 1.545262e+00
2.142403e+13 	 1.541402e+00
2.156690e+13 	 1.537548e+00
2.171073e+13 	 1.533702e+00
2.185551e+13 	 1.529864e+00
2.200126e+13 	 1.526033e+00
2.214798e+13 	 1.522209e+00
2.229567e+13 	 1.518393e+00
2.244436e+13 	 1.514584e+00
2.259403e+13 	 1.510782e+00
2.274470e+13 	 1.506988e+00
2.289638e+13 	 1.503201e+00
2.304907e+13 	 1.499421e+00
2.320278e+13 	 1.495648e+00
2.335751e+13 	 1.491883e+00
2.351327e+13 	 1.488126e+00
2.367008e+13 	 1.484375e+00
2.382793e+13 	 1.480632e+00
2.398683e+13 	 1.476896e+00
2.414679e+13 	 1.473167e+00
2.430782e+13 	 1.469445e+00
2.446992e+13 	 1.465731e+00
2.463310e+13 	 1.462024e+00
2.479737e+13 	 1.458324e+00
2.496274e+13 	 1.454632e+00
2.512920e+13 	 1.450946e+00
2.529678e+13 	 1.447268e+00
2.546548e+13 	 1.443597e+00
2.563530e+13 	 1.439933e+00
2.580626e+13 	 1.436277e+00
2.597835e+13 	 1.432627e+00
2.615159e+13 	 1.428985e+00
2.632599e+13 	 1.425349e+00
2.650155e+13 	 1.421721e+00
2.667828e+13 	 1.418100e+00
2.685619e+13 	 1.414486e+00
2.703528e+13 	 1.410880e+00
2.721557e+13 	 1.407280e+00
2.739707e+13 	 1.403687e+00
2.757977e+13 	 1.400102e+00
2.776369e+13 	 1.396523e+00
2.794884e+13 	 1.392952e+00
2.813522e+13 	 1.389388e+00
2.832285e+13 	 1.385830e+00
2.851172e+13 	 1.382280e+00
2.870186e+13 	 1.378737e+00
2.889326e+13 	 1.375200e+00
2.908594e+13 	 1.371671e+00
2.927991e+13 	 1.368149e+00
2.947517e+13 	 1.364634e+00
2.967173e+13 	 1.361125e+00
2.986960e+13 	 1.357624e+00
3.006879e+13 	 1.354130e+00
3.026931e+13 	 1.350642e+00
3.047117e+13 	 1.347162e+00
3.067437e+13 	 1.343688e+00
3.087893e+13 	 1.340222e+00
3.108485e+13 	 1.336762e+00
3.129215e+13 	 1.333309e+00
3.150082e+13 	 1.329863e+00
3.171089e+13 	 1.326424e+00
3.192236e+13 	 1.322992e+00
3.213524e+13 	 1.319567e+00
3.234954e+13 	 1.316149e+00
3.256527e+13 	 1.312737e+00
3.278244e+13 	 1.309332e+00
3.300106e+13 	 1.305934e+00
3.322113e+13 	 1.302543e+00
3.344267e+13 	 1.299159e+00
3.366569e+13 	 1.295782e+00
3.389020e+13 	 1.292411e+00
3.411620e+13 	 1.289047e+00
3.434371e+13 	 1.285690e+00
3.457274e+13 	 1.282340e+00
3.480329e+13 	 1.278996e+00
3.503539e+13 	 1.275660e+00
3.526903e+13 	 1.272330e+00
3.550423e+13 	 1.269006e+00
3.574099e+13 	 1.265690e+00
3.597934e+13 	 1.262380e+00
3.621927e+13 	 1.259077e+00
3.646081e+13 	 1.255781e+00
3.670396e+13 	 1.252491e+00
3.694872e+13 	 1.249208e+00
3.719512e+13 	 1.245931e+00
3.744317e+13 	 1.242662e+00
3.769286e+13 	 1.239399e+00
3.794422e+13 	 1.236142e+00
3.819726e+13 	 1.232893e+00
3.845199e+13 	 1.229649e+00
3.870841e+13 	 1.226413e+00
3.896655e+13 	 1.223183e+00
3.922640e+13 	 1.219960e+00
3.948799e+13 	 1.216743e+00
3.975133e+13 	 1.213533e+00
4.001642e+13 	 1.210329e+00
4.028327e+13 	 1.207133e+00
4.055191e+13 	 1.203942e+00
4.082234e+13 	 1.200758e+00
4.109457e+13 	 1.197581e+00
4.136862e+13 	 1.194410e+00
4.164449e+13 	 1.191246e+00
4.192221e+13 	 1.188088e+00
4.220177e+13 	 1.184937e+00
4.248320e+13 	 1.181792e+00
4.276651e+13 	 1.178654e+00
4.305171e+13 	 1.175522e+00
4.333881e+13 	 1.172397e+00
4.362782e+13 	 1.169278e+00
4.391876e+13 	 1.166166e+00
4.421164e+13 	 1.163060e+00
4.450648e+13 	 1.159961e+00
4.480328e+13 	 1.156868e+00
4.510206e+13 	 1.153781e+00
4.540283e+13 	 1.150701e+00
4.570561e+13 	 1.147627e+00
4.601040e+13 	 1.144560e+00
4.631723e+13 	 1.141499e+00
4.662611e+13 	 1.138444e+00
4.693704e+13 	 1.135396e+00
4.725005e+13 	 1.132354e+00
4.756515e+13 	 1.129318e+00
4.788234e+13 	 1.126289e+00
4.820166e+13 	 1.123266e+00
4.852310e+13 	 1.120249e+00
4.884669e+13 	 1.117239e+00
4.917243e+13 	 1.114235e+00
4.950034e+13 	 1.111238e+00
4.983045e+13 	 1.108246e+00
5.016275e+13 	 1.105261e+00
5.049727e+13 	 1.102282e+00
5.083402e+13 	 1.099310e+00
5.117302e+13 	 1.096343e+00
5.151428e+13 	 1.093383e+00
5.185781e+13 	 1.090429e+00
5.220363e+13 	 1.087482e+00
5.255176e+13 	 1.084540e+00
5.290222e+13 	 1.081605e+00
5.325500e+13 	 1.078676e+00
5.361015e+13 	 1.075754e+00
5.396766e+13 	 1.072837e+00
5.432755e+13 	 1.069926e+00
5.468984e+13 	 1.067022e+00
5.505455e+13 	 1.064124e+00
5.542170e+13 	 1.061232e+00
5.579129e+13 	 1.058346e+00
5.616334e+13 	 1.055467e+00
5.653788e+13 	 1.052593e+00
5.691491e+13 	 1.049726e+00
5.729446e+13 	 1.046864e+00
5.767654e+13 	 1.044009e+00
5.806117e+13 	 1.041160e+00
5.844836e+13 	 1.038317e+00
5.883813e+13 	 1.035480e+00
5.923051e+13 	 1.032649e+00
5.962550e+13 	 1.029824e+00
6.002312e+13 	 1.027005e+00
6.042340e+13 	 1.024192e+00
6.082634e+13 	 1.021386e+00
6.123197e+13 	 1.018585e+00
6.164031e+13 	 1.015790e+00
6.205137e+13 	 1.013001e+00
6.246517e+13 	 1.010218e+00
6.288173e+13 	 1.007442e+00
6.330107e+13 	 1.004671e+00
6.372321e+13 	 1.001906e+00
6.414816e+13 	 9.991472e-01
6.457594e+13 	 9.963942e-01
6.500658e+13 	 9.936472e-01
6.544009e+13 	 9.909062e-01
6.587649e+13 	 9.881710e-01
6.631580e+13 	 9.854418e-01
6.675804e+13 	 9.827185e-01
6.720323e+13 	 9.800011e-01
6.765139e+13 	 9.772895e-01
6.810253e+13 	 9.745839e-01
6.855669e+13 	 9.718841e-01
6.901387e+13 	 9.691902e-01
6.947411e+13 	 9.665021e-01
6.993741e+13 	 9.638199e-01
7.040380e+13 	 9.611435e-01
7.087330e+13 	 9.584729e-01
7.134593e+13 	 9.558082e-01
7.182172e+13 	 9.531493e-01
7.230067e+13 	 9.504962e-01
7.278283e+13 	 9.478488e-01
7.326819e+13 	 9.452073e-01
7.375679e+13 	 9.425715e-01
7.424866e+13 	 9.399415e-01
7.474380e+13 	 9.373173e-01
7.524224e+13 	 9.346988e-01
7.574401e+13 	 9.320860e-01
7.624912e+13 	 9.294790e-01
7.675761e+13 	 9.268777e-01
7.726948e+13 	 9.242822e-01
7.778477e+13 	 9.216923e-01
7.830349e+13 	 9.191081e-01
7.882567e+13 	 9.165296e-01
7.935133e+13 	 9.139569e-01
7.988050e+13 	 9.113897e-01
8.041320e+13 	 9.088283e-01
8.094945e+13 	 9.062725e-01
8.148928e+13 	 9.037223e-01
8.203271e+13 	 9.011778e-01
8.257976e+13 	 8.986390e-01
8.313046e+13 	 8.961057e-01
8.368483e+13 	 8.935781e-01
8.424290e+13 	 8.910560e-01
8.480469e+13 	 8.885396e-01
8.537023e+13 	 8.860287e-01
8.593953e+13 	 8.835235e-01
8.651264e+13 	 8.810238e-01
8.708957e+13 	 8.785296e-01
8.767034e+13 	 8.760411e-01
8.825499e+13 	 8.735580e-01
8.884353e+13 	 8.710805e-01
8.943600e+13 	 8.686086e-01
9.003242e+13 	 8.661421e-01
9.063282e+13 	 8.636812e-01
9.123723e+13 	 8.612258e-01
9.184566e+13 	 8.587758e-01
9.245815e+13 	 8.563314e-01
9.307472e+13 	 8.538924e-01
9.369541e+13 	 8.514589e-01
9.432024e+13 	 8.490309e-01
9.494923e+13 	 8.466083e-01
9.558242e+13 	 8.441912e-01
9.621983e+13 	 8.417795e-01
9.686149e+13 	 8.393732e-01
9.750743e+13 	 8.369723e-01
9.815768e+13 	 8.345769e-01
9.881226e+13 	 8.321869e-01
9.947121e+13 	 8.298022e-01
1.001346e+14 	 8.274230e-01
1.008023e+14 	 8.250491e-01
1.014745e+14 	 8.226806e-01
1.021512e+14 	 8.203174e-01
1.028325e+14 	 8.179596e-01
1.035182e+14 	 8.156072e-01
1.042085e+14 	 8.132601e-01
1.049035e+14 	 8.109183e-01
1.056031e+14 	 8.085818e-01
1.063073e+14 	 8.062506e-01
1.070162e+14 	 8.039248e-01
1.077299e+14 	 8.016042e-01
1.084483e+14 	 7.992889e-01
1.091715e+14 	 7.969789e-01
1.098995e+14 	 7.946742e-01
1.106324e+14 	 7.923747e-01
1.113702e+14 	 7.900805e-01
1.121129e+14 	 7.877916e-01
1.128605e+14 	 7.855078e-01
1.136132e+14 	 7.832293e-01
1.143708e+14 	 7.809560e-01
1.151335e+14 	 7.786879e-01
1.159013e+14 	 7.764251e-01
1.166742e+14 	 7.741674e-01
1.174523e+14 	 7.719149e-01
1.182355e+14 	 7.696676e-01
1.190240e+14 	 7.674254e-01
1.198178e+14 	 7.651884e-01
1.206168e+14 	 7.629566e-01
1.214211e+14 	 7.607299e-01
1.222309e+14 	 7.585084e-01
1.230460e+14 	 7.562920e-01
1.238665e+14 	 7.540807e-01
1.246926e+14 	 7.518745e-01
1.255241e+14 	 7.496734e-01
1.263612e+14 	 7.474774e-01
1.272038e+14 	 7.452865e-01
1.280521e+14 	 7.431007e-01
1.289061e+14 	 7.409200e-01
1.297657e+14 	 7.387443e-01
1.306311e+14 	 7.365737e-01
1.315022e+14 	 7.344081e-01
1.323792e+14 	 7.322475e-01
1.332620e+14 	 7.300920e-01
1.341506e+14 	 7.279415e-01
1.350453e+14 	 7.257961e-01
1.359458e+14 	 7.236556e-01
1.368524e+14 	 7.215201e-01
1.377650e+14 	 7.193897e-01
1.386837e+14 	 7.172642e-01
1.396086e+14 	 7.151437e-01
1.405396e+14 	 7.130281e-01
1.414768e+14 	 7.109175e-01
1.424203e+14 	 7.088119e-01
1.433700e+14 	 7.067112e-01
1.443261e+14 	 7.046154e-01
1.452886e+14 	 7.025246e-01
1.462575e+14 	 7.004386e-01
1.472328e+14 	 6.983576e-01
1.482147e+14 	 6.962815e-01
1.492031e+14 	 6.942103e-01
1.501981e+14 	 6.921440e-01
1.511997e+14 	 6.900825e-01
1.522080e+14 	 6.880259e-01
1.532230e+14 	 6.859742e-01
1.542448e+14 	 6.839274e-01
1.552734e+14 	 6.818853e-01
1.563089e+14 	 6.798482e-01
1.573513e+14 	 6.778158e-01
1.584006e+14 	 6.757883e-01
1.594569e+14 	 6.737656e-01
1.605203e+14 	 6.717477e-01
1.615908e+14 	 6.697345e-01
1.626684e+14 	 6.677262e-01
1.637531e+14 	 6.657227e-01
1.648452e+14 	 6.637239e-01
1.659445e+14 	 6.617299e-01
1.670511e+14 	 6.597407e-01
1.681651e+14 	 6.577562e-01
1.692866e+14 	 6.557765e-01
1.704155e+14 	 6.538015e-01
1.715519e+14 	 6.518312e-01
1.726960e+14 	 6.498656e-01
1.738476e+14 	 6.479048e-01
1.750069e+14 	 6.459487e-01
1.761740e+14 	 6.439972e-01
1.773489e+14 	 6.420505e-01
1.785316e+14 	 6.401084e-01
1.797221e+14 	 6.381710e-01
1.809206e+14 	 6.362383e-01
1.821271e+14 	 6.343102e-01
1.833417e+14 	 6.323868e-01
1.845643e+14 	 6.304680e-01
1.857951e+14 	 6.285538e-01
1.870342e+14 	 6.266443e-01
1.882814e+14 	 6.247394e-01
1.895370e+14 	 6.228391e-01
1.908010e+14 	 6.209434e-01
1.920734e+14 	 6.190523e-01
1.933543e+14 	 6.171658e-01
1.946437e+14 	 6.152839e-01
1.959417e+14 	 6.134065e-01
1.972484e+14 	 6.115337e-01
1.985638e+14 	 6.096655e-01
1.998879e+14 	 6.078018e-01
2.012209e+14 	 6.059427e-01
2.025628e+14 	 6.040880e-01
2.039136e+14 	 6.022380e-01
2.052735e+14 	 6.003924e-01
2.066424e+14 	 5.985513e-01
2.080204e+14 	 5.967148e-01
2.094076e+14 	 5.948828e-01
2.108041e+14 	 5.930552e-01
2.122099e+14 	 5.912321e-01
2.136251e+14 	 5.894135e-01
2.150497e+14 	 5.875993e-01
2.164838e+14 	 5.857897e-01
2.179274e+14 	 5.839844e-01
2.193807e+14 	 5.821836e-01
2.208437e+14 	 5.803873e-01
2.223164e+14 	 5.785954e-01
2.237990e+14 	 5.768078e-01
2.252914e+14 	 5.750247e-01
2.267938e+14 	 5.732461e-01
2.283063e+14 	 5.714718e-01
2.298288e+14 	 5.697019e-01
2.313614e+14 	 5.679363e-01
2.329043e+14 	 5.661752e-01
2.344575e+14 	 5.644184e-01
2.360210e+14 	 5.626660e-01
2.375950e+14 	 5.609179e-01
2.391794e+14 	 5.591742e-01
2.407744e+14 	 5.574348e-01
2.423801e+14 	 5.556998e-01
2.439964e+14 	 5.539691e-01
2.456236e+14 	 5.522426e-01
2.472616e+14 	 5.505205e-01
2.489105e+14 	 5.488027e-01
2.505704e+14 	 5.470892e-01
2.522414e+14 	 5.453800e-01
2.539235e+14 	 5.436751e-01
2.556168e+14 	 5.419744e-01
2.573214e+14 	 5.402780e-01
2.590374e+14 	 5.385858e-01
2.607649e+14 	 5.368979e-01
2.625038e+14 	 5.352142e-01
2.642544e+14 	 5.335348e-01
2.660166e+14 	 5.318596e-01
2.677906e+14 	 5.301886e-01
2.695764e+14 	 5.285218e-01
2.713742e+14 	 5.268593e-01
2.731839e+14 	 5.252009e-01
2.750056e+14 	 5.235467e-01
2.768396e+14 	 5.218967e-01
2.786857e+14 	 5.202509e-01
2.805442e+14 	 5.186092e-01
2.824151e+14 	 5.169717e-01
2.842984e+14 	 5.153384e-01
2.861943e+14 	 5.137092e-01
2.881029e+14 	 5.120842e-01
2.900241e+14 	 5.104632e-01
2.919582e+14 	 5.088464e-01
2.939052e+14 	 5.072337e-01
2.958651e+14 	 5.056252e-01
2.978382e+14 	 5.040207e-01
2.998244e+14 	 5.024203e-01
3.018238e+14 	 5.008240e-01
3.038366e+14 	 4.992318e-01
3.058628e+14 	 4.976437e-01
3.079025e+14 	 4.960596e-01
3.099558e+14 	 4.944796e-01
3.120228e+14 	 4.929037e-01
3.141036e+14 	 4.913318e-01
3.161982e+14 	 4.897639e-01
3.183069e+14 	 4.882000e-01
3.204296e+14 	 4.866402e-01
3.225664e+14 	 4.850844e-01
3.247175e+14 	 4.835326e-01
3.268829e+14 	 4.819848e-01
3.290628e+14 	 4.804410e-01
3.312572e+14 	 4.789012e-01
3.334663e+14 	 4.773654e-01
3.356901e+14 	 4.758335e-01
3.379287e+14 	 4.743056e-01
3.401822e+14 	 4.727817e-01
3.424508e+14 	 4.712617e-01
3.447345e+14 	 4.697457e-01
3.470334e+14 	 4.682336e-01
3.493477e+14 	 4.667254e-01
3.516774e+14 	 4.652211e-01
3.540226e+14 	 4.637208e-01
3.563835e+14 	 4.622244e-01
3.587601e+14 	 4.607319e-01
3.611526e+14 	 4.592432e-01
3.635610e+14 	 4.577585e-01
3.659855e+14 	 4.562776e-01
3.684261e+14 	 4.548006e-01
3.708830e+14 	 4.533275e-01
3.733563e+14 	 4.518583e-01
3.758461e+14 	 4.503928e-01
3.783525e+14 	 4.489313e-01
3.808757e+14 	 4.474735e-01
3.834156e+14 	 4.460196e-01
3.859725e+14 	 4.445696e-01
3.885464e+14 	 4.431233e-01
3.911375e+14 	 4.416809e-01
3.937459e+14 	 4.402422e-01
3.963717e+14 	 4.388074e-01
3.990149e+14 	 4.373763e-01
4.016759e+14 	 4.359490e-01
4.043545e+14 	 4.345255e-01
4.070510e+14 	 4.331058e-01
4.097655e+14 	 4.316898e-01
4.124981e+14 	 4.302776e-01
4.152490e+14 	 4.288691e-01
4.180181e+14 	 4.274643e-01
4.208058e+14 	 4.260633e-01
4.236120e+14 	 4.246660e-01
4.264369e+14 	 4.232725e-01
4.292807e+14 	 4.218826e-01
4.321434e+14 	 4.204965e-01
4.350253e+14 	 4.191140e-01
4.379263e+14 	 4.177352e-01
4.408467e+14 	 4.163602e-01
4.437866e+14 	 4.149888e-01
4.467461e+14 	 4.136210e-01
4.497253e+14 	 4.122569e-01
4.527244e+14 	 4.108965e-01
4.557435e+14 	 4.095398e-01
4.587827e+14 	 4.081866e-01
4.618421e+14 	 4.068371e-01
4.649220e+14 	 4.054913e-01
4.680225e+14 	 4.041490e-01
4.711436e+14 	 4.028104e-01
4.742855e+14 	 4.014753e-01
4.774483e+14 	 4.001439e-01
4.806323e+14 	 3.988161e-01
4.838375e+14 	 3.974918e-01
4.870640e+14 	 3.961712e-01
4.903121e+14 	 3.948541e-01
4.935819e+14 	 3.935405e-01
4.968734e+14 	 3.922306e-01
5.001869e+14 	 3.909241e-01
5.035225e+14 	 3.896212e-01
5.068803e+14 	 3.883219e-01
5.102606e+14 	 3.870261e-01
5.136634e+14 	 3.857338e-01
5.170888e+14 	 3.844450e-01
5.205371e+14 	 3.831598e-01
5.240084e+14 	 3.818780e-01
5.275029e+14 	 3.805997e-01
5.310206e+14 	 3.793250e-01
5.345619e+14 	 3.780537e-01
5.381267e+14 	 3.767858e-01
5.417153e+14 	 3.755215e-01
5.453278e+14 	 3.742606e-01
5.489644e+14 	 3.730032e-01
5.526253e+14 	 3.717492e-01
5.563106e+14 	 3.704986e-01
5.600205e+14 	 3.692515e-01
5.637551e+14 	 3.680078e-01
5.675146e+14 	 3.667676e-01
5.712992e+14 	 3.655307e-01
5.751090e+14 	 3.642973e-01
5.789442e+14 	 3.630672e-01
5.828050e+14 	 3.618406e-01
5.866916e+14 	 3.606173e-01
5.906040e+14 	 3.593974e-01
5.945426e+14 	 3.581809e-01
5.985074e+14 	 3.569678e-01
6.024987e+14 	 3.557580e-01
6.065166e+14 	 3.545516e-01
6.105612e+14 	 3.533485e-01
6.146329e+14 	 3.521487e-01
6.187317e+14 	 3.509523e-01
6.228578e+14 	 3.497592e-01
6.270115e+14 	 3.485694e-01
6.311928e+14 	 3.473830e-01
6.354021e+14 	 3.461998e-01
6.396394e+14 	 3.450200e-01
6.439049e+14 	 3.438434e-01
6.481989e+14 	 3.426701e-01
6.525216e+14 	 3.415001e-01
6.568730e+14 	 3.403334e-01
6.612535e+14 	 3.391699e-01
6.656632e+14 	 3.380097e-01
6.701023e+14 	 3.368527e-01
6.745710e+14 	 3.356990e-01
6.790695e+14 	 3.345485e-01
6.835980e+14 	 3.334013e-01
6.881568e+14 	 3.322573e-01
6.927459e+14 	 3.311164e-01
6.973656e+14 	 3.299789e-01
7.020161e+14 	 3.288445e-01
7.066976e+14 	 3.277133e-01
7.114104e+14 	 3.265853e-01
7.161546e+14 	 3.254604e-01
7.209304e+14 	 3.243388e-01
7.257380e+14 	 3.232203e-01
7.305778e+14 	 3.221050e-01
7.354498e+14 	 3.209929e-01
7.403542e+14 	 3.198839e-01
7.452914e+14 	 3.187780e-01
7.502616e+14 	 3.176753e-01
7.552648e+14 	 3.165757e-01
7.603015e+14 	 3.154793e-01
7.653717e+14 	 3.143859e-01
7.704757e+14 	 3.132957e-01
7.756138e+14 	 3.122086e-01
7.807861e+14 	 3.111245e-01
7.859929e+14 	 3.100436e-01
7.912345e+14 	 3.089658e-01
7.965110e+14 	 3.078910e-01
8.018227e+14 	 3.068193e-01
8.071698e+14 	 3.057506e-01
8.125526e+14 	 3.046851e-01
8.179712e+14 	 3.036225e-01
8.234260e+14 	 3.025631e-01
8.289172e+14 	 3.015066e-01
8.344450e+14 	 3.004532e-01
8.400097e+14 	 2.994028e-01
8.456114e+14 	 2.983555e-01
8.512506e+14 	 2.973111e-01
8.569273e+14 	 2.962698e-01
8.626419e+14 	 2.952315e-01
8.683946e+14 	 2.941961e-01
8.741856e+14 	 2.931638e-01
8.800153e+14 	 2.921344e-01
8.858839e+14 	 2.911080e-01
8.917915e+14 	 2.900846e-01
8.977386e+14 	 2.890641e-01
9.037254e+14 	 2.880466e-01
9.097520e+14 	 2.870320e-01
9.158189e+14 	 2.860204e-01
9.219262e+14 	 2.850117e-01
9.280743e+14 	 2.840059e-01
9.342633e+14 	 2.830031e-01
9.404936e+14 	 2.820032e-01
9.467655e+14 	 2.810062e-01
9.530792e+14 	 2.800121e-01
9.594350e+14 	 2.790209e-01
9.658332e+14 	 2.780326e-01
9.722740e+14 	 2.770471e-01
9.787578e+14 	 2.760646e-01
9.852848e+14 	 2.750849e-01
9.918554e+14 	 2.741081e-01
9.984698e+14 	 2.731342e-01
1.005128e+15 	 2.721631e-01
1.011831e+15 	 2.711948e-01
1.018579e+15 	 2.702294e-01
1.025371e+15 	 2.692669e-01
1.032209e+15 	 2.683071e-01
1.039093e+15 	 2.673502e-01
1.046022e+15 	 2.663961e-01
1.052998e+15 	 2.654448e-01
1.060020e+15 	 2.644963e-01
1.067089e+15 	 2.635506e-01
1.074205e+15 	 2.626078e-01
1.081368e+15 	 2.616676e-01
1.088580e+15 	 2.607303e-01
1.095839e+15 	 2.597958e-01
1.103147e+15 	 2.588640e-01
1.110504e+15 	 2.579349e-01
1.117909e+15 	 2.570087e-01
1.125364e+15 	 2.560851e-01
1.132869e+15 	 2.551643e-01
1.140424e+15 	 2.542463e-01
1.148029e+15 	 2.533310e-01
1.155685e+15 	 2.524184e-01
1.163392e+15 	 2.515085e-01
1.171150e+15 	 2.506014e-01
1.178960e+15 	 2.496969e-01
1.186822e+15 	 2.487951e-01
1.194737e+15 	 2.478961e-01
1.202704e+15 	 2.469997e-01
1.210724e+15 	 2.461060e-01
1.218798e+15 	 2.452150e-01
1.226926e+15 	 2.443267e-01
1.235108e+15 	 2.434410e-01
1.243345e+15 	 2.425580e-01
1.251636e+15 	 2.416776e-01
1.259983e+15 	 2.407999e-01
1.268385e+15 	 2.399248e-01
1.276844e+15 	 2.390523e-01
1.285359e+15 	 2.381825e-01
1.293930e+15 	 2.373153e-01
1.302559e+15 	 2.364507e-01
1.311246e+15 	 2.355887e-01
1.319990e+15 	 2.347294e-01
1.328792e+15 	 2.338726e-01
1.337654e+15 	 2.330184e-01
1.346574e+15 	 2.321668e-01
1.355554e+15 	 2.313178e-01
1.364594e+15 	 2.304714e-01
1.373694e+15 	 2.296275e-01
1.382855e+15 	 2.287862e-01
1.392077e+15 	 2.279474e-01
1.401360e+15 	 2.271113e-01
1.410705e+15 	 2.262776e-01
1.420113e+15 	 2.254465e-01
1.429583e+15 	 2.246179e-01
1.439116e+15 	 2.237919e-01
1.448713e+15 	 2.229683e-01
1.458374e+15 	 2.221473e-01
1.468100e+15 	 2.213288e-01
1.477890e+15 	 2.205129e-01
1.487746e+15 	 2.196994e-01
1.497667e+15 	 2.188884e-01
1.507655e+15 	 2.180799e-01
1.517709e+15 	 2.172738e-01
1.527830e+15 	 2.164703e-01
1.538019e+15 	 2.156692e-01
1.548275e+15 	 2.148706e-01
1.558600e+15 	 2.140744e-01
1.568994e+15 	 2.132807e-01
1.579457e+15 	 2.124895e-01
1.589990e+15 	 2.117007e-01
1.600593e+15 	 2.109143e-01
1.611267e+15 	 2.101303e-01
1.622012e+15 	 2.093488e-01
1.632829e+15 	 2.085697e-01
1.643718e+15 	 2.077930e-01
1.654679e+15 	 2.070188e-01
1.665714e+15 	 2.062469e-01
1.676822e+15 	 2.054774e-01
1.688004e+15 	 2.047103e-01
1.699261e+15 	 2.039456e-01
1.710593e+15 	 2.031833e-01
1.722000e+15 	 2.024234e-01
1.733483e+15 	 2.016658e-01
1.745044e+15 	 2.009106e-01
1.756681e+15 	 2.001577e-01
1.768395e+15 	 1.994072e-01
1.780188e+15 	 1.986591e-01
1.792060e+15 	 1.979133e-01
1.804011e+15 	 1.971698e-01
1.816041e+15 	 1.964287e-01
1.828152e+15 	 1.956899e-01
1.840343e+15 	 1.949534e-01
1.852616e+15 	 1.942192e-01
1.864970e+15 	 1.934873e-01
1.877407e+15 	 1.927577e-01
1.889927e+15 	 1.920304e-01
1.902530e+15 	 1.913055e-01
1.915218e+15 	 1.905828e-01
1.927990e+15 	 1.898624e-01
1.940847e+15 	 1.891442e-01
1.953790e+15 	 1.884283e-01
1.966819e+15 	 1.877147e-01
1.979935e+15 	 1.870034e-01
1.993139e+15 	 1.862943e-01
2.006430e+15 	 1.855875e-01
2.019811e+15 	 1.848829e-01
2.033280e+15 	 1.841805e-01
2.046840e+15 	 1.834804e-01
2.060489e+15 	 1.827825e-01
2.074230e+15 	 1.820868e-01
2.088062e+15 	 1.813933e-01
2.101987e+15 	 1.807021e-01
2.116005e+15 	 1.800130e-01
2.130116e+15 	 1.793262e-01
2.144321e+15 	 1.786415e-01
2.158621e+15 	 1.779590e-01
2.173016e+15 	 1.772788e-01
2.187507e+15 	 1.766007e-01
2.202095e+15 	 1.759247e-01
2.216780e+15 	 1.752510e-01
2.231563e+15 	 1.745794e-01
2.246444e+15 	 1.739099e-01
2.261425e+15 	 1.732426e-01
2.276506e+15 	 1.725775e-01
2.291687e+15 	 1.719145e-01
2.306970e+15 	 1.712536e-01
2.322354e+15 	 1.705949e-01
2.337841e+15 	 1.699383e-01
2.353432e+15 	 1.692838e-01
2.369126e+15 	 1.686314e-01
2.384925e+15 	 1.679812e-01
2.400829e+15 	 1.673330e-01
2.416840e+15 	 1.666869e-01
2.432957e+15 	 1.660430e-01
2.449182e+15 	 1.654011e-01
2.465515e+15 	 1.647613e-01
2.481956e+15 	 1.641236e-01
2.498508e+15 	 1.634879e-01
2.515170e+15 	 1.628544e-01
2.531942e+15 	 1.622229e-01
2.548827e+15 	 1.615934e-01
2.565825e+15 	 1.609660e-01
2.582935e+15 	 1.603407e-01
2.600160e+15 	 1.597173e-01
2.617500e+15 	 1.590961e-01
2.634955e+15 	 1.584768e-01
2.652527e+15 	 1.578596e-01
2.670216e+15 	 1.572444e-01
2.688022e+15 	 1.566312e-01
2.705948e+15 	 1.560201e-01
2.723993e+15 	 1.554109e-01
2.742159e+15 	 1.548038e-01
2.760445e+15 	 1.541986e-01
2.778854e+15 	 1.535954e-01
2.797385e+15 	 1.529942e-01
2.816040e+15 	 1.523950e-01
2.834819e+15 	 1.517978e-01
2.853724e+15 	 1.512025e-01
2.872755e+15 	 1.506093e-01
2.891912e+15 	 1.500179e-01
2.911197e+15 	 1.494285e-01
2.930611e+15 	 1.488411e-01
2.950155e+15 	 1.482556e-01
2.969828e+15 	 1.476721e-01
2.989633e+15 	 1.470905e-01
3.009570e+15 	 1.465108e-01
3.029640e+15 	 1.459331e-01
3.049844e+15 	 1.453572e-01
3.070182e+15 	 1.447833e-01
3.090656e+15 	 1.442113e-01
3.111267e+15 	 1.436412e-01
3.132015e+15 	 1.430730e-01
3.152902e+15 	 1.425067e-01
3.173927e+15 	 1.419423e-01
3.195093e+15 	 1.413798e-01
3.216400e+15 	 1.408192e-01
3.237850e+15 	 1.402604e-01
3.259442e+15 	 1.397035e-01
3.281178e+15 	 1.391485e-01
3.303059e+15 	 1.385953e-01
3.325086e+15 	 1.380440e-01
3.347260e+15 	 1.374945e-01
3.369582e+15 	 1.369469e-01
3.392053e+15 	 1.364011e-01
3.414673e+15 	 1.358572e-01
3.437445e+15 	 1.353151e-01
3.460368e+15 	 1.347748e-01
3.483444e+15 	 1.342364e-01
3.506674e+15 	 1.336997e-01
3.530059e+15 	 1.331649e-01
3.553600e+15 	 1.326319e-01
3.577298e+15 	 1.321007e-01
3.601154e+15 	 1.315713e-01
3.625169e+15 	 1.310436e-01
3.649344e+15 	 1.305178e-01
3.673680e+15 	 1.299938e-01
3.698179e+15 	 1.294715e-01
3.722841e+15 	 1.289510e-01
3.747668e+15 	 1.284323e-01
3.772660e+15 	 1.279153e-01
3.797818e+15 	 1.274001e-01
3.823145e+15 	 1.268867e-01
3.848640e+15 	 1.263750e-01
3.874306e+15 	 1.258651e-01
3.900142e+15 	 1.253569e-01
3.926151e+15 	 1.248504e-01
3.952333e+15 	 1.243457e-01
3.978690e+15 	 1.238427e-01
4.005223e+15 	 1.233414e-01
4.031933e+15 	 1.228418e-01
4.058820e+15 	 1.223440e-01
4.085887e+15 	 1.218478e-01
4.113135e+15 	 1.213534e-01
4.140564e+15 	 1.208607e-01
4.168176e+15 	 1.203696e-01
4.195973e+15 	 1.198803e-01
4.223954e+15 	 1.193926e-01
4.252123e+15 	 1.189067e-01
4.280479e+15 	 1.184224e-01
4.309024e+15 	 1.179397e-01
4.337759e+15 	 1.174588e-01
4.366687e+15 	 1.169795e-01
4.395807e+15 	 1.165018e-01
4.425121e+15 	 1.160258e-01
4.454631e+15 	 1.155515e-01
4.484337e+15 	 1.150788e-01
4.514242e+15 	 1.146078e-01
4.544346e+15 	 1.141384e-01
4.574651e+15 	 1.136706e-01
4.605158e+15 	 1.132044e-01
4.635868e+15 	 1.127399e-01
4.666784e+15 	 1.122770e-01
4.697905e+15 	 1.118157e-01
4.729234e+15 	 1.113560e-01
4.760772e+15 	 1.108980e-01
4.792520e+15 	 1.104415e-01
4.824480e+15 	 1.099866e-01
4.856653e+15 	 1.095333e-01
4.889040e+15 	 1.090816e-01
4.921644e+15 	 1.086315e-01
4.954465e+15 	 1.081830e-01
4.987505e+15 	 1.077360e-01
5.020765e+15 	 1.072906e-01
5.054247e+15 	 1.068468e-01
5.087952e+15 	 1.064045e-01
5.121882e+15 	 1.059638e-01
5.156038e+15 	 1.055247e-01
5.190422e+15 	 1.050871e-01
5.225035e+15 	 1.046510e-01
5.259880e+15 	 1.042165e-01
5.294956e+15 	 1.037835e-01
5.330267e+15 	 1.033521e-01
5.365813e+15 	 1.029222e-01
5.401596e+15 	 1.024938e-01
5.437617e+15 	 1.020669e-01
5.473879e+15 	 1.016415e-01
5.510383e+15 	 1.012177e-01
5.547130e+15 	 1.007953e-01
5.584122e+15 	 1.003745e-01
5.621361e+15 	 9.995512e-02
5.658848e+15 	 9.953727e-02
5.696585e+15 	 9.912090e-02
5.734574e+15 	 9.870602e-02
5.772816e+15 	 9.829262e-02
5.811313e+15 	 9.788070e-02
5.850067e+15 	 9.747025e-02
5.889079e+15 	 9.706127e-02
5.928352e+15 	 9.665375e-02
5.967886e+15 	 9.624769e-02
6.007684e+15 	 9.584309e-02
6.047747e+15 	 9.543994e-02
6.088078e+15 	 9.503824e-02
6.128678e+15 	 9.463798e-02
6.169548e+15 	 9.423916e-02
6.210691e+15 	 9.384178e-02
6.252108e+15 	 9.344582e-02
6.293801e+15 	 9.305130e-02
6.335773e+15 	 9.265819e-02
6.378024e+15 	 9.226651e-02
6.420557e+15 	 9.187624e-02
6.463374e+15 	 9.148738e-02
6.506476e+15 	 9.109993e-02
6.549866e+15 	 9.071388e-02
6.593545e+15 	 9.032923e-02
6.637515e+15 	 8.994597e-02
6.681779e+15 	 8.956411e-02
6.726338e+15 	 8.918363e-02
6.771193e+15 	 8.880453e-02
6.816348e+15 	 8.842681e-02
6.861805e+15 	 8.805047e-02
6.907564e+15 	 8.767550e-02
6.953628e+15 	 8.730189e-02
7.000000e+15 	 8.692965e-02
