#Omega_b = 0.050000
#Omega_m = 0.300000
#Omega_de = 0.680000
#hubble = 0.700000
#w0 = -0.800000
#wa = 0.200000
#sigma8 = 0.800000
#n_s = 0.960000
#
#M sigma^2(M) ;; M is in h^-1 Msun. 
9.150000e+12 	 2.076921e+00
9.211019e+12 	 2.072132e+00
9.272444e+12 	 2.067377e+00
9.334279e+12 	 2.062604e+00
9.396527e+12 	 2.057840e+00
9.459189e+12 	 2.053083e+00
9.522270e+12 	 2.048335e+00
9.585771e+12 	 2.043596e+00
9.649695e+12 	 2.038865e+00
9.714046e+12 	 2.034142e+00
9.778826e+12 	 2.029427e+00
9.844038e+12 	 2.024721e+00
9.909685e+12 	 2.020023e+00
9.975770e+12 	 2.015334e+00
1.004230e+13 	 2.010652e+00
1.010926e+13 	 2.005979e+00
1.017668e+13 	 2.001315e+00
1.024454e+13 	 1.996658e+00
1.031286e+13 	 1.992010e+00
1.038164e+13 	 1.987370e+00
1.045087e+13 	 1.982743e+00
1.052056e+13 	 1.978121e+00
1.059072e+13 	 1.973500e+00
1.066135e+13 	 1.968893e+00
1.073244e+13 	 1.964294e+00
1.080402e+13 	 1.959715e+00
1.087606e+13 	 1.955134e+00
1.094859e+13 	 1.950560e+00
1.102161e+13 	 1.945995e+00
1.109511e+13 	 1.941438e+00
1.116910e+13 	 1.936889e+00
1.124358e+13 	 1.932348e+00
1.131856e+13 	 1.927815e+00
1.139404e+13 	 1.923289e+00
1.147002e+13 	 1.918772e+00
1.154651e+13 	 1.914263e+00
1.162351e+13 	 1.909762e+00
1.170103e+13 	 1.905269e+00
1.177906e+13 	 1.900783e+00
1.185761e+13 	 1.896306e+00
1.193668e+13 	 1.891836e+00
1.201628e+13 	 1.887375e+00
1.209642e+13 	 1.882921e+00
1.217708e+13 	 1.878476e+00
1.225829e+13 	 1.874038e+00
1.234004e+13 	 1.869608e+00
1.242233e+13 	 1.865186e+00
1.250517e+13 	 1.860772e+00
1.258856e+13 	 1.856366e+00
1.267251e+13 	 1.851967e+00
1.275702e+13 	 1.847577e+00
1.284209e+13 	 1.843196e+00
1.292773e+13 	 1.838820e+00
1.301394e+13 	 1.834454e+00
1.310073e+13 	 1.830095e+00
1.318810e+13 	 1.825745e+00
1.327604e+13 	 1.821402e+00
1.336458e+13 	 1.817079e+00
1.345370e+13 	 1.812754e+00
1.354342e+13 	 1.808436e+00
1.363374e+13 	 1.804127e+00
1.372466e+13 	 1.799825e+00
1.381618e+13 	 1.795531e+00
1.390832e+13 	 1.791339e+00
1.400107e+13 	 1.786967e+00
1.409444e+13 	 1.782697e+00
1.418843e+13 	 1.778434e+00
1.428305e+13 	 1.774180e+00
1.437830e+13 	 1.769915e+00
1.447418e+13 	 1.765677e+00
1.457070e+13 	 1.762629e+00
1.466787e+13 	 1.757239e+00
1.476569e+13 	 1.753008e+00
1.486416e+13 	 1.748801e+00
1.496328e+13 	 1.744602e+00
1.506307e+13 	 1.740411e+00
1.516352e+13 	 1.736227e+00
1.526464e+13 	 1.732051e+00
1.536643e+13 	 1.727883e+00
1.546891e+13 	 1.723723e+00
1.557206e+13 	 1.719571e+00
1.567591e+13 	 1.715426e+00
1.578045e+13 	 1.711289e+00
1.588568e+13 	 1.707160e+00
1.599162e+13 	 1.703038e+00
1.609826e+13 	 1.698924e+00
1.620562e+13 	 1.694817e+00
1.631369e+13 	 1.690718e+00
1.642248e+13 	 1.686627e+00
1.653199e+13 	 1.682543e+00
1.664224e+13 	 1.678466e+00
1.675322e+13 	 1.674397e+00
1.686495e+13 	 1.670336e+00
1.697741e+13 	 1.666282e+00
1.709063e+13 	 1.662236e+00
1.720460e+13 	 1.658196e+00
1.731933e+13 	 1.654165e+00
1.743483e+13 	 1.650140e+00
1.755110e+13 	 1.646123e+00
1.766814e+13 	 1.642114e+00
1.778597e+13 	 1.638112e+00
1.790457e+13 	 1.634117e+00
1.802397e+13 	 1.630129e+00
1.814417e+13 	 1.626149e+00
1.826517e+13 	 1.622176e+00
1.838697e+13 	 1.618211e+00
1.850959e+13 	 1.614252e+00
1.863303e+13 	 1.610302e+00
1.875728e+13 	 1.606358e+00
1.888237e+13 	 1.602422e+00
1.900829e+13 	 1.598493e+00
1.913505e+13 	 1.594571e+00
1.926266e+13 	 1.590656e+00
1.939111e+13 	 1.586749e+00
1.952043e+13 	 1.582850e+00
1.965060e+13 	 1.578957e+00
1.978165e+13 	 1.575072e+00
1.991357e+13 	 1.571194e+00
2.004636e+13 	 1.567324e+00
2.018005e+13 	 1.563460e+00
2.031462e+13 	 1.559605e+00
2.045009e+13 	 1.555756e+00
2.058647e+13 	 1.551915e+00
2.072375e+13 	 1.548081e+00
2.086195e+13 	 1.544255e+00
2.100108e+13 	 1.540436e+00
2.114113e+13 	 1.536736e+00
2.128211e+13 	 1.532824e+00
2.142403e+13 	 1.529034e+00
2.156690e+13 	 1.525245e+00
2.171073e+13 	 1.521464e+00
2.185551e+13 	 1.517689e+00
2.200126e+13 	 1.513922e+00
2.214798e+13 	 1.512632e+00
2.229567e+13 	 1.506410e+00
2.244436e+13 	 1.502664e+00
2.259403e+13 	 1.498926e+00
2.274470e+13 	 1.495194e+00
2.289638e+13 	 1.491470e+00
2.304907e+13 	 1.487753e+00
2.320278e+13 	 1.484043e+00
2.335751e+13 	 1.480328e+00
2.351327e+13 	 1.476633e+00
2.367008e+13 	 1.472945e+00
2.382793e+13 	 1.469265e+00
2.398683e+13 	 1.465591e+00
2.414679e+13 	 1.461925e+00
2.430782e+13 	 1.458266e+00
2.446992e+13 	 1.454614e+00
2.463310e+13 	 1.450969e+00
2.479737e+13 	 1.447332e+00
2.496274e+13 	 1.443701e+00
2.512920e+13 	 1.440077e+00
2.529678e+13 	 1.436460e+00
2.546548e+13 	 1.432851e+00
2.563530e+13 	 1.429248e+00
2.580626e+13 	 1.425652e+00
2.597835e+13 	 1.422063e+00
2.615159e+13 	 1.418481e+00
2.632599e+13 	 1.414906e+00
2.650155e+13 	 1.411337e+00
2.667828e+13 	 1.407776e+00
2.685619e+13 	 1.404221e+00
2.703528e+13 	 1.400673e+00
2.721557e+13 	 1.397132e+00
2.739707e+13 	 1.393598e+00
2.757977e+13 	 1.390071e+00
2.776369e+13 	 1.386550e+00
2.794884e+13 	 1.383037e+00
2.813522e+13 	 1.379530e+00
2.832285e+13 	 1.376029e+00
2.851172e+13 	 1.372536e+00
2.870186e+13 	 1.369049e+00
2.889326e+13 	 1.365569e+00
2.908594e+13 	 1.362096e+00
2.927991e+13 	 1.358629e+00
2.947517e+13 	 1.355170e+00
2.967173e+13 	 1.351717e+00
2.986960e+13 	 1.348271e+00
3.006879e+13 	 1.344831e+00
3.026931e+13 	 1.341398e+00
3.047117e+13 	 1.337972e+00
3.067437e+13 	 1.334555e+00
3.087893e+13 	 1.331143e+00
3.108485e+13 	 1.327739e+00
3.129215e+13 	 1.324341e+00
3.150082e+13 	 1.320949e+00
3.171089e+13 	 1.317565e+00
3.192236e+13 	 1.314187e+00
3.213524e+13 	 1.310808e+00
3.234954e+13 	 1.307443e+00
3.256527e+13 	 1.304094e+00
3.278244e+13 	 1.300742e+00
3.300106e+13 	 1.297398e+00
3.322113e+13 	 1.294060e+00
3.344267e+13 	 1.290729e+00
3.366569e+13 	 1.287405e+00
3.389020e+13 	 1.284087e+00
3.411620e+13 	 1.280775e+00
3.434371e+13 	 1.277471e+00
3.457274e+13 	 1.274173e+00
3.480329e+13 	 1.271013e+00
3.503539e+13 	 1.267713e+00
3.526903e+13 	 1.264418e+00
3.550423e+13 	 1.261129e+00
3.574099e+13 	 1.257845e+00
3.597934e+13 	 1.254567e+00
3.621927e+13 	 1.251295e+00
3.646081e+13 	 1.248019e+00
3.670396e+13 	 1.244781e+00
3.694872e+13 	 1.241550e+00
3.719512e+13 	 1.238325e+00
3.744317e+13 	 1.235106e+00
3.769286e+13 	 1.231894e+00
3.794422e+13 	 1.228689e+00
3.819726e+13 	 1.225490e+00
3.845199e+13 	 1.222297e+00
3.870841e+13 	 1.219111e+00
3.896655e+13 	 1.215931e+00
3.922640e+13 	 1.212758e+00
3.948799e+13 	 1.209591e+00
3.975133e+13 	 1.206430e+00
4.001642e+13 	 1.203276e+00
4.028327e+13 	 1.200128e+00
4.055191e+13 	 1.196986e+00
4.082234e+13 	 1.193851e+00
4.109457e+13 	 1.190722e+00
4.136862e+13 	 1.187599e+00
4.164449e+13 	 1.184482e+00
4.192221e+13 	 1.181372e+00
4.220177e+13 	 1.178268e+00
4.248320e+13 	 1.175170e+00
4.276651e+13 	 1.172079e+00
4.305171e+13 	 1.168994e+00
4.333881e+13 	 1.165914e+00
4.362782e+13 	 1.162842e+00
4.391876e+13 	 1.159775e+00
4.421164e+13 	 1.156714e+00
4.450648e+13 	 1.153660e+00
4.480328e+13 	 1.150612e+00
4.510206e+13 	 1.147570e+00
4.540283e+13 	 1.144534e+00
4.570561e+13 	 1.141505e+00
4.601040e+13 	 1.138482e+00
4.631723e+13 	 1.135464e+00
4.662611e+13 	 1.132454e+00
4.693704e+13 	 1.129449e+00
4.725005e+13 	 1.126450e+00
4.756515e+13 	 1.123458e+00
4.788234e+13 	 1.120472e+00
4.820166e+13 	 1.117492e+00
4.852310e+13 	 1.114518e+00
4.884669e+13 	 1.111551e+00
4.917243e+13 	 1.108589e+00
4.950034e+13 	 1.105634e+00
4.983045e+13 	 1.102685e+00
5.016275e+13 	 1.099746e+00
5.049727e+13 	 1.096805e+00
5.083402e+13 	 1.093875e+00
5.117302e+13 	 1.090951e+00
5.151428e+13 	 1.088032e+00
5.185781e+13 	 1.085120e+00
5.220363e+13 	 1.082252e+00
5.255176e+13 	 1.079361e+00
5.290222e+13 	 1.076476e+00
5.325500e+13 	 1.073595e+00
5.361015e+13 	 1.070652e+00
5.396766e+13 	 1.067782e+00
5.432755e+13 	 1.064985e+00
5.468984e+13 	 1.062044e+00
5.505455e+13 	 1.059186e+00
5.542170e+13 	 1.056334e+00
5.579129e+13 	 1.053489e+00
5.616334e+13 	 1.050650e+00
5.653788e+13 	 1.047817e+00
5.691491e+13 	 1.044989e+00
5.729446e+13 	 1.042168e+00
5.767654e+13 	 1.039352e+00
5.806117e+13 	 1.036543e+00
5.844836e+13 	 1.033739e+00
5.883813e+13 	 1.030942e+00
5.923051e+13 	 1.028151e+00
5.962550e+13 	 1.025365e+00
6.002312e+13 	 1.022585e+00
6.042340e+13 	 1.019811e+00
6.082634e+13 	 1.017043e+00
6.123197e+13 	 1.014280e+00
6.164031e+13 	 1.011523e+00
6.205137e+13 	 1.008772e+00
6.246517e+13 	 1.006025e+00
6.288173e+13 	 1.003285e+00
6.330107e+13 	 1.000552e+00
6.372321e+13 	 9.978239e-01
6.414816e+13 	 9.951019e-01
6.457594e+13 	 9.923857e-01
6.500658e+13 	 9.896752e-01
6.544009e+13 	 9.869723e-01
6.587649e+13 	 9.842732e-01
6.631580e+13 	 9.815798e-01
6.675804e+13 	 9.788921e-01
6.720323e+13 	 9.762102e-01
6.765139e+13 	 9.735339e-01
6.810253e+13 	 9.708634e-01
6.855669e+13 	 9.681986e-01
6.901387e+13 	 9.655394e-01
6.947411e+13 	 9.628874e-01
6.993741e+13 	 9.602401e-01
7.040380e+13 	 9.575985e-01
7.087330e+13 	 9.549625e-01
7.134593e+13 	 9.523322e-01
7.182172e+13 	 9.497076e-01
7.230067e+13 	 9.470886e-01
7.278283e+13 	 9.444753e-01
7.326819e+13 	 9.418676e-01
7.375679e+13 	 9.392655e-01
7.424866e+13 	 9.366683e-01
7.474380e+13 	 9.340774e-01
7.524224e+13 	 9.314921e-01
7.574401e+13 	 9.289073e-01
7.624912e+13 	 9.263332e-01
7.675761e+13 	 9.237646e-01
7.726948e+13 	 9.212017e-01
7.778477e+13 	 9.186444e-01
7.830349e+13 	 9.160927e-01
7.882567e+13 	 9.135466e-01
7.935133e+13 	 9.110061e-01
7.988050e+13 	 9.084711e-01
8.041320e+13 	 9.059417e-01
8.094945e+13 	 9.034179e-01
8.148928e+13 	 9.008996e-01
8.203271e+13 	 8.984629e-01
8.257976e+13 	 8.959431e-01
8.313046e+13 	 8.934285e-01
8.368483e+13 	 8.909191e-01
8.424290e+13 	 8.884160e-01
8.480469e+13 	 8.859172e-01
8.537023e+13 	 8.834238e-01
8.593953e+13 	 8.809521e-01
8.651264e+13 	 8.784831e-01
8.708957e+13 	 8.760195e-01
8.767034e+13 	 8.735613e-01
8.825499e+13 	 8.711085e-01
8.884353e+13 	 8.686611e-01
8.943600e+13 	 8.662169e-01
9.003242e+13 	 8.637798e-01
9.063282e+13 	 8.613482e-01
9.123723e+13 	 8.589219e-01
9.184566e+13 	 8.565009e-01
9.245815e+13 	 8.540853e-01
9.307472e+13 	 8.516751e-01
9.369541e+13 	 8.492702e-01
9.432024e+13 	 8.468706e-01
9.494923e+13 	 8.444763e-01
9.558242e+13 	 8.420874e-01
9.621983e+13 	 8.397084e-01
9.686149e+13 	 8.373301e-01
9.750743e+13 	 8.349571e-01
9.815768e+13 	 8.325893e-01
9.881226e+13 	 8.302267e-01
9.947121e+13 	 8.278694e-01
1.001346e+14 	 8.255173e-01
1.008023e+14 	 8.231704e-01
1.014745e+14 	 8.208288e-01
1.021512e+14 	 8.184882e-01
1.028325e+14 	 8.161571e-01
1.035182e+14 	 8.138346e-01
1.042085e+14 	 8.115136e-01
1.049035e+14 	 8.091979e-01
1.056031e+14 	 8.068874e-01
1.063073e+14 	 8.045820e-01
1.070162e+14 	 8.022791e-01
1.077299e+14 	 7.999867e-01
1.084483e+14 	 7.976968e-01
1.091715e+14 	 7.954131e-01
1.098995e+14 	 7.931319e-01
1.106324e+14 	 7.908578e-01
1.113702e+14 	 7.885887e-01
1.121129e+14 	 7.863248e-01
1.128605e+14 	 7.840661e-01
1.136132e+14 	 7.818124e-01
1.143708e+14 	 7.795638e-01
1.151335e+14 	 7.773203e-01
1.159013e+14 	 7.750818e-01
1.166742e+14 	 7.728483e-01
1.174523e+14 	 7.706183e-01
1.182355e+14 	 7.683950e-01
1.190240e+14 	 7.661351e-01
1.198178e+14 	 7.639290e-01
1.206168e+14 	 7.617279e-01
1.214211e+14 	 7.595316e-01
1.222309e+14 	 7.573414e-01
1.230460e+14 	 7.551547e-01
1.238665e+14 	 7.529729e-01
1.246926e+14 	 7.507959e-01
1.255241e+14 	 7.486237e-01
1.263612e+14 	 7.464563e-01
1.272038e+14 	 7.442937e-01
1.280521e+14 	 7.421359e-01
1.289061e+14 	 7.399828e-01
1.297657e+14 	 7.378345e-01
1.306311e+14 	 7.356485e-01
1.315022e+14 	 7.335051e-01
1.323792e+14 	 7.313666e-01
1.332620e+14 	 7.292330e-01
1.341506e+14 	 7.271044e-01
1.350453e+14 	 7.249806e-01
1.359458e+14 	 7.228617e-01
1.368524e+14 	 7.207485e-01
1.377650e+14 	 7.186394e-01
1.386837e+14 	 7.165351e-01
1.396086e+14 	 7.144357e-01
1.405396e+14 	 7.123411e-01
1.414768e+14 	 7.102514e-01
1.424203e+14 	 7.081665e-01
1.433700e+14 	 7.060865e-01
1.443261e+14 	 7.040112e-01
1.452886e+14 	 7.019408e-01
1.462575e+14 	 6.998752e-01
1.472328e+14 	 6.978144e-01
1.482147e+14 	 6.957584e-01
1.492031e+14 	 6.937064e-01
1.501981e+14 	 6.916599e-01
1.511997e+14 	 6.896178e-01
1.522080e+14 	 6.875807e-01
1.532230e+14 	 6.855484e-01
1.542448e+14 	 6.835208e-01
1.552734e+14 	 6.814987e-01
1.563089e+14 	 6.794807e-01
1.573513e+14 	 6.774674e-01
1.584006e+14 	 6.754587e-01
1.594569e+14 	 6.734549e-01
1.605203e+14 	 6.714557e-01
1.615908e+14 	 6.694611e-01
1.626684e+14 	 6.674713e-01
1.637531e+14 	 6.654862e-01
1.648452e+14 	 6.635057e-01
1.659445e+14 	 6.615299e-01
1.670511e+14 	 6.595588e-01
1.681651e+14 	 6.575923e-01
1.692866e+14 	 6.556304e-01
1.704155e+14 	 6.536732e-01
1.715519e+14 	 6.517206e-01
1.726960e+14 	 6.497726e-01
1.738476e+14 	 6.478293e-01
1.750069e+14 	 6.458906e-01
1.761740e+14 	 6.439564e-01
1.773489e+14 	 6.420269e-01
1.785316e+14 	 6.401019e-01
1.797221e+14 	 6.381815e-01
1.809206e+14 	 6.362643e-01
1.821271e+14 	 6.343531e-01
1.833417e+14 	 6.324479e-01
1.845643e+14 	 6.305456e-01
1.857951e+14 	 6.286893e-01
1.870342e+14 	 6.267898e-01
1.882814e+14 	 6.248946e-01
1.895370e+14 	 6.230038e-01
1.908010e+14 	 6.211174e-01
1.920734e+14 	 6.192355e-01
1.933543e+14 	 6.173580e-01
1.946437e+14 	 6.154912e-01
1.959417e+14 	 6.136296e-01
1.972484e+14 	 6.117725e-01
1.985638e+14 	 6.099199e-01
1.998879e+14 	 6.080717e-01
2.012209e+14 	 6.062279e-01
2.025628e+14 	 6.043886e-01
2.039136e+14 	 6.025537e-01
2.052735e+14 	 6.007232e-01
2.066424e+14 	 5.988971e-01
2.080204e+14 	 5.970755e-01
2.094076e+14 	 5.952582e-01
2.108041e+14 	 5.934453e-01
2.122099e+14 	 5.916368e-01
2.136251e+14 	 5.898326e-01
2.150497e+14 	 5.880329e-01
2.164838e+14 	 5.862374e-01
2.179274e+14 	 5.844464e-01
2.193807e+14 	 5.826596e-01
2.208437e+14 	 5.808772e-01
2.223164e+14 	 5.790991e-01
2.237990e+14 	 5.773253e-01
2.252914e+14 	 5.755559e-01
2.267938e+14 	 5.737907e-01
2.283063e+14 	 5.720298e-01
2.298288e+14 	 5.702732e-01
2.313614e+14 	 5.685208e-01
2.329043e+14 	 5.667727e-01
2.344575e+14 	 5.650288e-01
2.360210e+14 	 5.632896e-01
2.375950e+14 	 5.615543e-01
2.391794e+14 	 5.598233e-01
2.407744e+14 	 5.580965e-01
2.423801e+14 	 5.563739e-01
2.439964e+14 	 5.546556e-01
2.456236e+14 	 5.529414e-01
2.472616e+14 	 5.512315e-01
2.489105e+14 	 5.495258e-01
2.505704e+14 	 5.478243e-01
2.522414e+14 	 5.461270e-01
2.539235e+14 	 5.444338e-01
2.556168e+14 	 5.427448e-01
2.573214e+14 	 5.410600e-01
2.590374e+14 	 5.393794e-01
2.607649e+14 	 5.377029e-01
2.625038e+14 	 5.360305e-01
2.642544e+14 	 5.343623e-01
2.660166e+14 	 5.326983e-01
2.677906e+14 	 5.310383e-01
2.695764e+14 	 5.293825e-01
2.713742e+14 	 5.277308e-01
2.731839e+14 	 5.260832e-01
2.750056e+14 	 5.244397e-01
2.768396e+14 	 5.228003e-01
2.786857e+14 	 5.211550e-01
2.805442e+14 	 5.195290e-01
2.824151e+14 	 5.179070e-01
2.842984e+14 	 5.162890e-01
2.861943e+14 	 5.146748e-01
2.881029e+14 	 5.130632e-01
2.900241e+14 	 5.114570e-01
2.919582e+14 	 5.098546e-01
2.939052e+14 	 5.082572e-01
2.958651e+14 	 5.066625e-01
2.978382e+14 	 5.050716e-01
2.998244e+14 	 5.034844e-01
3.018238e+14 	 5.019011e-01
3.038366e+14 	 5.002746e-01
3.058628e+14 	 4.986967e-01
3.079025e+14 	 4.971210e-01
3.099558e+14 	 4.955501e-01
3.120228e+14 	 4.939832e-01
3.141036e+14 	 4.924202e-01
3.161982e+14 	 4.908612e-01
3.183069e+14 	 4.893062e-01
3.204296e+14 	 4.877551e-01
3.225664e+14 	 4.862079e-01
3.247175e+14 	 4.846647e-01
3.268829e+14 	 4.831265e-01
3.290628e+14 	 4.815911e-01
3.312572e+14 	 4.800596e-01
3.334663e+14 	 4.785319e-01
3.356901e+14 	 4.770082e-01
3.379287e+14 	 4.754883e-01
3.401822e+14 	 4.739724e-01
3.424508e+14 	 4.724603e-01
3.447345e+14 	 4.709509e-01
3.470334e+14 	 4.694465e-01
3.493477e+14 	 4.679460e-01
3.516774e+14 	 4.664493e-01
3.540226e+14 	 4.649565e-01
3.563835e+14 	 4.634674e-01
3.587601e+14 	 4.619822e-01
3.611526e+14 	 4.605008e-01
3.635610e+14 	 4.590232e-01
3.659855e+14 	 4.575494e-01
3.684261e+14 	 4.560794e-01
3.708830e+14 	 4.546132e-01
3.733563e+14 	 4.531507e-01
3.758461e+14 	 4.516921e-01
3.783525e+14 	 4.502372e-01
3.808757e+14 	 4.487859e-01
3.834156e+14 	 4.473384e-01
3.859725e+14 	 4.458949e-01
3.885464e+14 	 4.444550e-01
3.911375e+14 	 4.430188e-01
3.937459e+14 	 4.415863e-01
3.963717e+14 	 4.401578e-01
3.990149e+14 	 4.387325e-01
4.016759e+14 	 4.373112e-01
4.043545e+14 	 4.358935e-01
4.070510e+14 	 4.344845e-01
4.097655e+14 	 4.330714e-01
4.124981e+14 	 4.316620e-01
4.152490e+14 	 4.302563e-01
4.180181e+14 	 4.288544e-01
4.208058e+14 	 4.274561e-01
4.236120e+14 	 4.260617e-01
4.264369e+14 	 4.246709e-01
4.292807e+14 	 4.232839e-01
4.321434e+14 	 4.219006e-01
4.350253e+14 	 4.205211e-01
4.379263e+14 	 4.191453e-01
4.408467e+14 	 4.177732e-01
4.437866e+14 	 4.164048e-01
4.467461e+14 	 4.150670e-01
4.497253e+14 	 4.137075e-01
4.527244e+14 	 4.123516e-01
4.557435e+14 	 4.109686e-01
4.587827e+14 	 4.096187e-01
4.618421e+14 	 4.082726e-01
4.649220e+14 	 4.069302e-01
4.680225e+14 	 4.055914e-01
4.711436e+14 	 4.042564e-01
4.742855e+14 	 4.029249e-01
4.774483e+14 	 4.015972e-01
4.806323e+14 	 4.002730e-01
4.838375e+14 	 3.989525e-01
4.870640e+14 	 3.976357e-01
4.903121e+14 	 3.963224e-01
4.935819e+14 	 3.950117e-01
4.968734e+14 	 3.937057e-01
5.001869e+14 	 3.924042e-01
5.035225e+14 	 3.911052e-01
5.068803e+14 	 3.898099e-01
5.102606e+14 	 3.885180e-01
5.136634e+14 	 3.872297e-01
5.170888e+14 	 3.859450e-01
5.205371e+14 	 3.846637e-01
5.240084e+14 	 3.833859e-01
5.275029e+14 	 3.821116e-01
5.310206e+14 	 3.808407e-01
5.345619e+14 	 3.795733e-01
5.381267e+14 	 3.783094e-01
5.417153e+14 	 3.770489e-01
5.453278e+14 	 3.757918e-01
5.489644e+14 	 3.745381e-01
5.526253e+14 	 3.732878e-01
5.563106e+14 	 3.720409e-01
5.600205e+14 	 3.707973e-01
5.637551e+14 	 3.695572e-01
5.675146e+14 	 3.683203e-01
5.712992e+14 	 3.670868e-01
5.751090e+14 	 3.658567e-01
5.789442e+14 	 3.646298e-01
5.828050e+14 	 3.634063e-01
5.866916e+14 	 3.621861e-01
5.906040e+14 	 3.609691e-01
5.945426e+14 	 3.597554e-01
5.985074e+14 	 3.585450e-01
6.024987e+14 	 3.573358e-01
6.065166e+14 	 3.561307e-01
6.105612e+14 	 3.549289e-01
6.146329e+14 	 3.537304e-01
6.187317e+14 	 3.525352e-01
6.228578e+14 	 3.513432e-01
6.270115e+14 	 3.501545e-01
6.311928e+14 	 3.489786e-01
6.354021e+14 	 3.477972e-01
6.396394e+14 	 3.466191e-01
6.439049e+14 	 3.454322e-01
6.481989e+14 	 3.442596e-01
6.525216e+14 	 3.430903e-01
6.568730e+14 	 3.419243e-01
6.612535e+14 	 3.407614e-01
6.656632e+14 	 3.396017e-01
6.701023e+14 	 3.384453e-01
6.745710e+14 	 3.372920e-01
6.790695e+14 	 3.361419e-01
6.835980e+14 	 3.349947e-01
6.881568e+14 	 3.338509e-01
6.927459e+14 	 3.327103e-01
6.973656e+14 	 3.315731e-01
7.020161e+14 	 3.304388e-01
7.066976e+14 	 3.293077e-01
7.114104e+14 	 3.281797e-01
7.161546e+14 	 3.270548e-01
7.209304e+14 	 3.259330e-01
7.257380e+14 	 3.248144e-01
7.305778e+14 	 3.236988e-01
7.354498e+14 	 3.225864e-01
7.403542e+14 	 3.214771e-01
7.452914e+14 	 3.203709e-01
7.502616e+14 	 3.192677e-01
7.552648e+14 	 3.181677e-01
7.603015e+14 	 3.170707e-01
7.653717e+14 	 3.159768e-01
7.704757e+14 	 3.148859e-01
7.756138e+14 	 3.137981e-01
7.807861e+14 	 3.127134e-01
7.859929e+14 	 3.116316e-01
7.912345e+14 	 3.105530e-01
7.965110e+14 	 3.094773e-01
8.018227e+14 	 3.084175e-01
8.071698e+14 	 3.073474e-01
8.125526e+14 	 3.062802e-01
8.179712e+14 	 3.052161e-01
8.234260e+14 	 3.041549e-01
8.289172e+14 	 3.030968e-01
8.344450e+14 	 3.020416e-01
8.400097e+14 	 3.009894e-01
8.456114e+14 	 2.999401e-01
8.512506e+14 	 2.988938e-01
8.569273e+14 	 2.978436e-01
8.626419e+14 	 2.968039e-01
8.683946e+14 	 2.957671e-01
8.741856e+14 	 2.947332e-01
8.800153e+14 	 2.937067e-01
8.858839e+14 	 2.926781e-01
8.917915e+14 	 2.916524e-01
8.977386e+14 	 2.906297e-01
9.037254e+14 	 2.896098e-01
9.097520e+14 	 2.885929e-01
9.158189e+14 	 2.875789e-01
9.219262e+14 	 2.865679e-01
9.280743e+14 	 2.855597e-01
9.342633e+14 	 2.845544e-01
9.404936e+14 	 2.835520e-01
9.467655e+14 	 2.825525e-01
9.530792e+14 	 2.815551e-01
9.594350e+14 	 2.805615e-01
9.658332e+14 	 2.795713e-01
9.722740e+14 	 2.785833e-01
9.787578e+14 	 2.775982e-01
9.852848e+14 	 2.766159e-01
9.918554e+14 	 2.756365e-01
9.984698e+14 	 2.746599e-01
1.005128e+15 	 2.736862e-01
1.011831e+15 	 2.727152e-01
1.018579e+15 	 2.717472e-01
1.025371e+15 	 2.707819e-01
1.032209e+15 	 2.698195e-01
1.039093e+15 	 2.688598e-01
1.046022e+15 	 2.679105e-01
1.052998e+15 	 2.669567e-01
1.060020e+15 	 2.660056e-01
1.067089e+15 	 2.650573e-01
1.074205e+15 	 2.641118e-01
1.081368e+15 	 2.631690e-01
1.088580e+15 	 2.622290e-01
1.095839e+15 	 2.612917e-01
1.103147e+15 	 2.603571e-01
1.110504e+15 	 2.594253e-01
1.117909e+15 	 2.584962e-01
1.125364e+15 	 2.575698e-01
1.132869e+15 	 2.566462e-01
1.140424e+15 	 2.557252e-01
1.148029e+15 	 2.548069e-01
1.155685e+15 	 2.538914e-01
1.163392e+15 	 2.529785e-01
1.171150e+15 	 2.520683e-01
1.178960e+15 	 2.511608e-01
1.186822e+15 	 2.502560e-01
1.194737e+15 	 2.493538e-01
1.202704e+15 	 2.484543e-01
1.210724e+15 	 2.475574e-01
1.218798e+15 	 2.466632e-01
1.226926e+15 	 2.457716e-01
1.235108e+15 	 2.448827e-01
1.243345e+15 	 2.439964e-01
1.251636e+15 	 2.431127e-01
1.259983e+15 	 2.422317e-01
1.268385e+15 	 2.413533e-01
1.276844e+15 	 2.404774e-01
1.285359e+15 	 2.396042e-01
1.293930e+15 	 2.387336e-01
1.302559e+15 	 2.378656e-01
1.311246e+15 	 2.370001e-01
1.319990e+15 	 2.361372e-01
1.328792e+15 	 2.352770e-01
1.337654e+15 	 2.344192e-01
1.346574e+15 	 2.335641e-01
1.355554e+15 	 2.327110e-01
1.364594e+15 	 2.318609e-01
1.373694e+15 	 2.310092e-01
1.382855e+15 	 2.301644e-01
1.392077e+15 	 2.293222e-01
1.401360e+15 	 2.284825e-01
1.410705e+15 	 2.276453e-01
1.420113e+15 	 2.268107e-01
1.429583e+15 	 2.259785e-01
1.439116e+15 	 2.251489e-01
1.448713e+15 	 2.243218e-01
1.458374e+15 	 2.234971e-01
1.468100e+15 	 2.226750e-01
1.477890e+15 	 2.218553e-01
1.487746e+15 	 2.210406e-01
1.497667e+15 	 2.202257e-01
1.507655e+15 	 2.194133e-01
1.517709e+15 	 2.186033e-01
1.527830e+15 	 2.177958e-01
1.538019e+15 	 2.169907e-01
1.548275e+15 	 2.161868e-01
1.558600e+15 	 2.153868e-01
1.568994e+15 	 2.145892e-01
1.579457e+15 	 2.137941e-01
1.589990e+15 	 2.130014e-01
1.600593e+15 	 2.122111e-01
1.611267e+15 	 2.114232e-01
1.622012e+15 	 2.106378e-01
1.632829e+15 	 2.098547e-01
1.643718e+15 	 2.090740e-01
1.654679e+15 	 2.082957e-01
1.665714e+15 	 2.075174e-01
1.676822e+15 	 2.067371e-01
1.688004e+15 	 2.059594e-01
1.699261e+15 	 2.052054e-01
1.710593e+15 	 2.044388e-01
1.722000e+15 	 2.036759e-01
1.733483e+15 	 2.029142e-01
1.745044e+15 	 2.021548e-01
1.756681e+15 	 2.013978e-01
1.768395e+15 	 2.006431e-01
1.780188e+15 	 1.998907e-01
1.792060e+15 	 1.991406e-01
1.804011e+15 	 1.983929e-01
1.816041e+15 	 1.976475e-01
1.828152e+15 	 1.969044e-01
1.840343e+15 	 1.961636e-01
1.852616e+15 	 1.954250e-01
1.864970e+15 	 1.946888e-01
1.877407e+15 	 1.939549e-01
1.889927e+15 	 1.932232e-01
1.902530e+15 	 1.924938e-01
1.915218e+15 	 1.917667e-01
1.927990e+15 	 1.910418e-01
1.940847e+15 	 1.903192e-01
1.953790e+15 	 1.895989e-01
1.966819e+15 	 1.888805e-01
1.979935e+15 	 1.881647e-01
1.993139e+15 	 1.874510e-01
2.006430e+15 	 1.867396e-01
2.019811e+15 	 1.860305e-01
2.033280e+15 	 1.853235e-01
2.046840e+15 	 1.846188e-01
2.060489e+15 	 1.839162e-01
2.074230e+15 	 1.832159e-01
2.088062e+15 	 1.825178e-01
2.101987e+15 	 1.818218e-01
2.116005e+15 	 1.811281e-01
2.130116e+15 	 1.804365e-01
2.144321e+15 	 1.797472e-01
2.158621e+15 	 1.790600e-01
2.173016e+15 	 1.783749e-01
2.187507e+15 	 1.776921e-01
2.202095e+15 	 1.770113e-01
2.216780e+15 	 1.763332e-01
2.231563e+15 	 1.756568e-01
2.246444e+15 	 1.749826e-01
2.261425e+15 	 1.743105e-01
2.276506e+15 	 1.736405e-01
2.291687e+15 	 1.729727e-01
2.306970e+15 	 1.723070e-01
2.322354e+15 	 1.716434e-01
2.337841e+15 	 1.709819e-01
2.353432e+15 	 1.703225e-01
2.369126e+15 	 1.696652e-01
2.384925e+15 	 1.690101e-01
2.400829e+15 	 1.683570e-01
2.416840e+15 	 1.677060e-01
2.432957e+15 	 1.670571e-01
2.449182e+15 	 1.664103e-01
2.465515e+15 	 1.657656e-01
2.481956e+15 	 1.651229e-01
2.498508e+15 	 1.644823e-01
2.515170e+15 	 1.638438e-01
2.531942e+15 	 1.632073e-01
2.548827e+15 	 1.625729e-01
2.565825e+15 	 1.619405e-01
2.582935e+15 	 1.613101e-01
2.600160e+15 	 1.606818e-01
2.617500e+15 	 1.600556e-01
2.634955e+15 	 1.594313e-01
2.652527e+15 	 1.588091e-01
2.670216e+15 	 1.581889e-01
2.688022e+15 	 1.575707e-01
2.705948e+15 	 1.569546e-01
2.723993e+15 	 1.563404e-01
2.742159e+15 	 1.557282e-01
2.760445e+15 	 1.551181e-01
2.778854e+15 	 1.545099e-01
2.797385e+15 	 1.539037e-01
2.816040e+15 	 1.532994e-01
2.834819e+15 	 1.526972e-01
2.853724e+15 	 1.520969e-01
2.872755e+15 	 1.514986e-01
2.891912e+15 	 1.509023e-01
2.911197e+15 	 1.503079e-01
2.930611e+15 	 1.497154e-01
2.950155e+15 	 1.491249e-01
2.969828e+15 	 1.485364e-01
2.989633e+15 	 1.479498e-01
3.009570e+15 	 1.473651e-01
3.029640e+15 	 1.467823e-01
3.049844e+15 	 1.462015e-01
3.070182e+15 	 1.456226e-01
3.090656e+15 	 1.450456e-01
3.111267e+15 	 1.444705e-01
3.132015e+15 	 1.438973e-01
3.152902e+15 	 1.433260e-01
3.173927e+15 	 1.427566e-01
3.195093e+15 	 1.421891e-01
3.216400e+15 	 1.416235e-01
3.237850e+15 	 1.410597e-01
3.259442e+15 	 1.404978e-01
3.281178e+15 	 1.399378e-01
3.303059e+15 	 1.393797e-01
3.325086e+15 	 1.388234e-01
3.347260e+15 	 1.382690e-01
3.369582e+15 	 1.377164e-01
3.392053e+15 	 1.371657e-01
3.414673e+15 	 1.366168e-01
3.437445e+15 	 1.360698e-01
3.460368e+15 	 1.355245e-01
3.483444e+15 	 1.349811e-01
3.506674e+15 	 1.344396e-01
3.530059e+15 	 1.339130e-01
3.553600e+15 	 1.333626e-01
3.577298e+15 	 1.328265e-01
3.601154e+15 	 1.322922e-01
3.625169e+15 	 1.317597e-01
3.649344e+15 	 1.312289e-01
3.673680e+15 	 1.307000e-01
3.698179e+15 	 1.301728e-01
3.722841e+15 	 1.296472e-01
3.747668e+15 	 1.291236e-01
3.772660e+15 	 1.286017e-01
3.797818e+15 	 1.280809e-01
3.823145e+15 	 1.275626e-01
3.848640e+15 	 1.270463e-01
3.874306e+15 	 1.265315e-01
3.900142e+15 	 1.260185e-01
3.926151e+15 	 1.255072e-01
3.952333e+15 	 1.249976e-01
3.978690e+15 	 1.244898e-01
4.005223e+15 	 1.239837e-01
4.031933e+15 	 1.234793e-01
4.058820e+15 	 1.229766e-01
4.085887e+15 	 1.224757e-01
4.113135e+15 	 1.219765e-01
4.140564e+15 	 1.214789e-01
4.168176e+15 	 1.209831e-01
4.195973e+15 	 1.204890e-01
4.223954e+15 	 1.199966e-01
4.252123e+15 	 1.195058e-01
4.280479e+15 	 1.190168e-01
4.309024e+15 	 1.185294e-01
4.337759e+15 	 1.180437e-01
4.366687e+15 	 1.175596e-01
4.395807e+15 	 1.170773e-01
4.425121e+15 	 1.165966e-01
4.454631e+15 	 1.161175e-01
4.484337e+15 	 1.156401e-01
4.514242e+15 	 1.151644e-01
4.544346e+15 	 1.146903e-01
4.574651e+15 	 1.142178e-01
4.605158e+15 	 1.137470e-01
4.635868e+15 	 1.132778e-01
4.666784e+15 	 1.128102e-01
4.697905e+15 	 1.123443e-01
4.729234e+15 	 1.118800e-01
4.760772e+15 	 1.114173e-01
4.792520e+15 	 1.109562e-01
4.824480e+15 	 1.104967e-01
4.856653e+15 	 1.100388e-01
4.889040e+15 	 1.095825e-01
4.921644e+15 	 1.091278e-01
4.954465e+15 	 1.086747e-01
4.987505e+15 	 1.082231e-01
5.020765e+15 	 1.077732e-01
5.054247e+15 	 1.073248e-01
5.087952e+15 	 1.068780e-01
5.121882e+15 	 1.064328e-01
5.156038e+15 	 1.059891e-01
5.190422e+15 	 1.055470e-01
5.225035e+15 	 1.051064e-01
5.259880e+15 	 1.046674e-01
5.294956e+15 	 1.042299e-01
5.330267e+15 	 1.037940e-01
5.365813e+15 	 1.033596e-01
5.401596e+15 	 1.029267e-01
5.437617e+15 	 1.024954e-01
5.473879e+15 	 1.020656e-01
5.510383e+15 	 1.016373e-01
5.547130e+15 	 1.012106e-01
5.584122e+15 	 1.007853e-01
5.621361e+15 	 1.003616e-01
5.658848e+15 	 9.993933e-02
5.696585e+15 	 9.951859e-02
5.734574e+15 	 9.909934e-02
5.772816e+15 	 9.868159e-02
5.811313e+15 	 9.826532e-02
5.850067e+15 	 9.785023e-02
5.889079e+15 	 9.743694e-02
5.928352e+15 	 9.702512e-02
5.967886e+15 	 9.661477e-02
6.007684e+15 	 9.620589e-02
6.047747e+15 	 9.579848e-02
6.088078e+15 	 9.539252e-02
6.128678e+15 	 9.498801e-02
6.169548e+15 	 9.458496e-02
6.210691e+15 	 9.418358e-02
6.252108e+15 	 9.378341e-02
6.293801e+15 	 9.338468e-02
6.335773e+15 	 9.298738e-02
6.378024e+15 	 9.259151e-02
6.420557e+15 	 9.219707e-02
6.463374e+15 	 9.180406e-02
6.506476e+15 	 9.141246e-02
6.549866e+15 	 9.102227e-02
6.593545e+15 	 9.063350e-02
6.637515e+15 	 9.024613e-02
6.681779e+15 	 8.986017e-02
6.726338e+15 	 8.947560e-02
6.771193e+15 	 8.909243e-02
6.816348e+15 	 8.871066e-02
6.861805e+15 	 8.833026e-02
6.907564e+15 	 8.795125e-02
6.953628e+15 	 8.757362e-02
7.000000e+15 	 8.719737e-02
