1.573232e+00
1.603999e+00
1.636219e+00
1.669963e+00
1.705309e+00
1.742337e+00
1.781131e+00
1.821783e+00
1.864387e+00
1.909042e+00
1.955856e+00
2.004940e+00
2.056412e+00
2.110397e+00
2.167028e+00
2.226447e+00
2.288802e+00
2.354253e+00
2.422969e+00
2.495129e+00
2.570925e+00
2.650556e+00
2.734237e+00
2.822192e+00
2.914660e+00
3.011892e+00
3.114155e+00
3.221733e+00
3.334927e+00
3.454057e+00
3.579463e+00
3.711508e+00
3.850577e+00
3.997080e+00
4.151453e+00
4.314164e+00
4.485710e+00
4.666625e+00
4.857480e+00
5.058887e+00
5.271501e+00
5.496025e+00
5.733206e+00
5.983844e+00
6.248793e+00
6.528961e+00
6.825320e+00
7.138907e+00
7.470829e+00
7.822274e+00
8.194513e+00
8.588910e+00
9.006926e+00
9.450129e+00
9.920202e+00
1.041895e+01
1.094832e+01
1.151040e+01
1.210744e+01
1.274188e+01
1.341636e+01
1.413370e+01
1.489698e+01
1.570951e+01
1.657486e+01
1.749689e+01
1.847973e+01
1.952786e+01
2.064612e+01
2.183973e+01
2.311433e+01
2.447606e+01
2.593155e+01
2.748805e+01
2.915338e+01
3.093607e+01
3.284537e+01
3.489131e+01
3.708481e+01
3.943774e+01
4.196300e+01
4.467465e+01
4.758799e+01
5.071972e+01
5.408806e+01
5.771288e+01
6.161591e+01
6.582087e+01
7.035371e+01
7.524279e+01
8.051917e+01
8.621682e+01
9.237300e+01
9.902856e+01
1.062283e+02
1.140214e+02
1.224620e+02
1.316094e+02
1.415290e+02
1.522927e+02
