1.602335e+02
1.602710e+02
1.602965e+02
1.603116e+02
1.603161e+02
1.603104e+02
1.602946e+02
1.602688e+02
1.602330e+02
1.601874e+02
1.601320e+02
1.600668e+02
1.599917e+02
1.599067e+02
1.598118e+02
1.597067e+02
1.595915e+02
1.594659e+02
1.593298e+02
1.591829e+02
1.590251e+02
1.588562e+02
1.586758e+02
1.584837e+02
1.582796e+02
1.580632e+02
1.578341e+02
1.575921e+02
1.573366e+02
1.570674e+02
1.567841e+02
1.564862e+02
1.561733e+02
1.558450e+02
1.555007e+02
1.551401e+02
1.547627e+02
1.543679e+02
1.539553e+02
1.535243e+02
1.530745e+02
1.526053e+02
1.521163e+02
1.516067e+02
1.510763e+02
1.505243e+02
1.499503e+02
1.493538e+02
1.487342e+02
1.480911e+02
1.474238e+02
1.467320e+02
1.460151e+02
1.452726e+02
1.445042e+02
1.437094e+02
1.428877e+02
1.420388e+02
1.411623e+02
1.402579e+02
1.393253e+02
1.383642e+02
1.373744e+02
1.363556e+02
1.353078e+02
1.342307e+02
1.331244e+02
1.319888e+02
1.308240e+02
1.296299e+02
1.284068e+02
1.271548e+02
1.258741e+02
1.245652e+02
1.232282e+02
1.218636e+02
1.204719e+02
1.190536e+02
1.176093e+02
1.161397e+02
1.146455e+02
1.131274e+02
1.115862e+02
1.100229e+02
1.084384e+02
1.068337e+02
1.052098e+02
1.035679e+02
1.019090e+02
1.002345e+02
9.854541e+01
9.684317e+01
9.512903e+01
9.340434e+01
9.167049e+01
8.992886e+01
8.818087e+01
8.642796e+01
8.467159e+01
8.291321e+01
8.115427e+01
7.939625e+01
7.764060e+01
7.588877e+01
7.414218e+01
7.240228e+01
7.067044e+01
6.894803e+01
6.723642e+01
6.553689e+01
6.385074e+01
6.217919e+01
6.052344e+01
5.888463e+01
5.726388e+01
5.566222e+01
5.408067e+01
5.252016e+01
5.098160e+01
4.946581e+01
4.797358e+01
4.650562e+01
4.506259e+01
4.364511e+01
4.225372e+01
4.088890e+01
3.955108e+01
3.824062e+01
3.695786e+01
3.570304e+01
3.447636e+01
3.327799e+01
3.210801e+01
3.096647e+01
2.985338e+01
2.876869e+01
2.771231e+01
2.668409e+01
2.568386e+01
2.471141e+01
2.376647e+01
2.284877e+01
2.195796e+01
2.109369e+01
2.025558e+01
1.944319e+01
1.865608e+01
1.789376e+01
1.715573e+01
1.644143e+01
1.575028e+01
1.508167e+01
1.443491e+01
1.380925e+01
1.320386e+01
1.261761e+01
1.204932e+01
1.149514e+01
1.095127e+01
1.042690e+01
9.928901e+00
9.455240e+00
9.004855e+00
8.576559e+00
8.169355e+00
7.782162e+00
7.414028e+00
7.064059e+00
6.731456e+00
6.415343e+00
6.114970e+00
5.829653e+00
5.558635e+00
5.301270e+00
5.056955e+00
4.825047e+00
4.605015e+00
4.396250e+00
4.198233e+00
4.010495e+00
3.832495e+00
3.663780e+00
3.503928e+00
3.352475e+00
3.209050e+00
3.073207e+00
2.944578e+00
2.822822e+00
2.707560e+00
2.598488e+00
2.495257e+00
2.397600e+00
2.305181e+00
2.217731e+00
2.135003e+00
2.056712e+00
1.982644e+00
1.912521e+00
1.846129e+00
1.783280e+00
1.723738e+00
1.667318e+00
1.613865e+00
1.563171e+00
1.515076e+00
1.469443e+00
1.426088e+00
1.384860e+00
1.345622e+00
1.308264e+00
1.272637e+00
1.238629e+00
1.206127e+00
1.175029e+00
1.145234e+00
1.116644e+00
1.089169e+00
1.062719e+00
1.037214e+00
1.012580e+00
9.887533e-01
9.656726e-01
9.433082e-01
9.215671e-01
9.002936e-01
8.795716e-01
8.593362e-01
8.395359e-01
8.201512e-01
8.011442e-01
7.824745e-01
7.641290e-01
7.460643e-01
7.282629e-01
7.107168e-01
6.933967e-01
6.762897e-01
6.593834e-01
6.426690e-01
6.261423e-01
6.097968e-01
5.936210e-01
5.776202e-01
5.617802e-01
5.461018e-01
5.305921e-01
5.152421e-01
5.000488e-01
4.850245e-01
4.701743e-01
4.554994e-01
4.410060e-01
4.266986e-01
4.125809e-01
3.986523e-01
3.849188e-01
3.713886e-01
3.580712e-01
3.449692e-01
3.320902e-01
3.194337e-01
3.070029e-01
2.948009e-01
2.828352e-01
2.711095e-01
2.596235e-01
2.483677e-01
2.373338e-01
2.265115e-01
2.158752e-01
2.053814e-01
1.949622e-01
1.845354e-01
1.740207e-01
1.633883e-01
1.527991e-01
1.427823e-01
1.342204e-01
1.279431e-01
1.241317e-01
1.220811e-01
1.205934e-01
1.186223e-01
1.156119e-01
1.114531e-01
1.063046e-01
1.004999e-01
9.437338e-02
8.813846e-02
8.196540e-02
7.596727e-02
7.022064e-02
6.476406e-02
5.960439e-02
5.475584e-02
5.020004e-02
4.589431e-02
4.177399e-02
3.772102e-02
3.247292e-02
