1.000000e+12
1.063327e+12
1.130663e+12
1.202264e+12
1.278400e+12
1.359356e+12
1.445440e+12
1.536975e+12
1.634306e+12
1.737801e+12
1.847850e+12
1.964868e+12
2.089296e+12
2.221604e+12
2.362291e+12
2.511886e+12
2.670956e+12
2.840098e+12
3.019952e+12
3.211195e+12
3.414549e+12
3.630781e+12
3.860705e+12
4.105191e+12
4.365158e+12
4.641589e+12
4.935525e+12
5.248075e+12
5.580417e+12
5.933806e+12
6.309573e+12
6.709137e+12
7.134004e+12
7.585776e+12
8.066157e+12
8.576959e+12
9.120108e+12
9.697654e+12
1.031177e+13
1.096478e+13
1.165914e+13
1.239748e+13
1.318257e+13
1.401737e+13
1.490505e+13
1.584893e+13
1.685259e+13
1.791981e+13
1.905461e+13
2.026127e+13
2.154435e+13
2.290868e+13
2.435940e+13
2.590200e+13
2.754229e+13
2.928645e+13
3.114106e+13
3.311311e+13
3.521005e+13
3.743978e+13
3.981072e+13
4.233179e+13
4.501252e+13
4.786301e+13
5.089401e+13
5.411695e+13
5.754399e+13
6.118806e+13
6.506289e+13
6.918310e+13
7.356423e+13
7.822280e+13
8.317638e+13
8.844365e+13
9.404449e+13
1.000000e+14
1.063327e+14
1.130663e+14
1.202264e+14
1.278400e+14
1.359356e+14
1.445440e+14
1.536975e+14
1.634306e+14
1.737801e+14
1.847850e+14
1.964868e+14
2.089296e+14
2.221604e+14
2.362291e+14
2.511886e+14
2.670956e+14
2.840098e+14
3.019952e+14
3.211195e+14
3.414549e+14
3.630781e+14
3.860705e+14
4.105191e+14
4.365158e+14
4.641589e+14
4.935525e+14
5.248075e+14
5.580417e+14
5.933806e+14
6.309573e+14
6.709137e+14
7.134004e+14
7.585776e+14
8.066157e+14
8.576959e+14
9.120108e+14
9.697654e+14
1.031177e+15
1.096478e+15
1.165914e+15
1.239748e+15
1.318257e+15
1.401737e+15
1.490505e+15
1.584893e+15
1.685259e+15
1.791981e+15
1.905461e+15
2.026127e+15
2.154435e+15
2.290868e+15
2.435940e+15
2.590200e+15
2.754229e+15
2.928645e+15
3.114106e+15
3.311311e+15
3.521005e+15
3.743978e+15
3.981072e+15
4.233179e+15
4.501252e+15
4.786301e+15
5.089401e+15
5.411695e+15
5.754399e+15
6.118806e+15
6.506289e+15
6.918310e+15
7.356423e+15
7.822280e+15
8.317638e+15
8.844365e+15
9.404449e+15
1.000000e+16
