1.226862e+02
1.226825e+02
1.226786e+02
1.226745e+02
1.226701e+02
1.226654e+02
1.226605e+02
1.226552e+02
1.226496e+02
1.226437e+02
1.226375e+02
1.226308e+02
1.226237e+02
1.226163e+02
1.226083e+02
1.225999e+02
1.225910e+02
1.225815e+02
1.225715e+02
1.225609e+02
1.225496e+02
1.225377e+02
1.225250e+02
1.225116e+02
1.224974e+02
1.224824e+02
1.224665e+02
1.224496e+02
1.224317e+02
1.224128e+02
1.223927e+02
1.223715e+02
1.223490e+02
1.223252e+02
1.223000e+02
1.222734e+02
1.222452e+02
1.222153e+02
1.221837e+02
1.221502e+02
1.221149e+02
1.220774e+02
1.220378e+02
1.219960e+02
1.219517e+02
1.219049e+02
1.218554e+02
1.218031e+02
1.217478e+02
1.216893e+02
1.216276e+02
1.215623e+02
1.214933e+02
1.214205e+02
1.213435e+02
1.212623e+02
1.211764e+02
1.210859e+02
1.209903e+02
1.208894e+02
1.207828e+02
1.206706e+02
1.205521e+02
1.204270e+02
1.202951e+02
1.201562e+02
1.200097e+02
1.198553e+02
1.196926e+02
1.195212e+02
1.193406e+02
1.191505e+02
1.189503e+02
1.187396e+02
1.185179e+02
1.182846e+02
1.180393e+02
1.177813e+02
1.175101e+02
1.172249e+02
1.169261e+02
1.166112e+02
1.162809e+02
1.159340e+02
1.155706e+02
1.151892e+02
1.147892e+02
1.143699e+02
1.139307e+02
1.134707e+02
1.129891e+02
1.124852e+02
1.119582e+02
1.114072e+02
1.108315e+02
1.102302e+02
1.096026e+02
1.089478e+02
1.082652e+02
1.075539e+02
1.068131e+02
1.060422e+02
1.052406e+02
1.044074e+02
1.035423e+02
1.026445e+02
1.017137e+02
1.007494e+02
9.975125e+01
9.871904e+01
9.765258e+01
9.655183e+01
9.541681e+01
9.424769e+01
9.304476e+01
9.180845e+01
9.053913e+01
8.923804e+01
8.790532e+01
8.654271e+01
8.515082e+01
8.373116e+01
8.228522e+01
8.081465e+01
7.932123e+01
7.780690e+01
7.627369e+01
7.472381e+01
7.315955e+01
7.158321e+01
6.999750e+01
6.840469e+01
6.680740e+01
6.520821e+01
6.360960e+01
6.201421e+01
6.042440e+01
5.884259e+01
5.727108e+01
5.571208e+01
5.416762e+01
5.263963e+01
5.112997e+01
4.964023e+01
4.817195e+01
4.672649e+01
4.530508e+01
4.390880e+01
4.253863e+01
4.119538e+01
3.987980e+01
3.859250e+01
3.733400e+01
3.610473e+01
3.490504e+01
3.373520e+01
3.259540e+01
3.148577e+01
3.040638e+01
2.935723e+01
2.833830e+01
2.734947e+01
2.639062e+01
2.546157e+01
2.456208e+01
2.369192e+01
2.285080e+01
2.203839e+01
2.125438e+01
2.049840e+01
1.977007e+01
1.906902e+01
1.839486e+01
1.774720e+01
1.712565e+01
1.652985e+01
1.595945e+01
1.541417e+01
1.489375e+01
1.439808e+01
1.392718e+01
1.348132e+01
1.306106e+01
1.266738e+01
1.230143e+01
1.196407e+01
1.165409e+01
1.136592e+01
1.109161e+01
1.082552e+01
1.056447e+01
1.030694e+01
1.005237e+01
9.800595e+00
9.551547e+00
9.305215e+00
9.061593e+00
8.820690e+00
8.582516e+00
8.347089e+00
8.114427e+00
7.884575e+00
7.657560e+00
7.433397e+00
7.212126e+00
6.993784e+00
6.778449e+00
6.566171e+00
6.356979e+00
6.150950e+00
5.948120e+00
5.748504e+00
5.552169e+00
5.359164e+00
5.169530e+00
4.983309e+00
4.800518e+00
4.621162e+00
4.445303e+00
4.272984e+00
4.104233e+00
3.939070e+00
3.777473e+00
3.619578e+00
3.465642e+00
3.315502e+00
3.169150e+00
3.026603e+00
2.887887e+00
2.753040e+00
2.622016e+00
2.494809e+00
2.371433e+00
2.251818e+00
2.135936e+00
2.023798e+00
1.915370e+00
1.810604e+00
1.709517e+00
1.612099e+00
1.518338e+00
1.428214e+00
1.341693e+00
1.258719e+00
1.179227e+00
1.103154e+00
1.030395e+00
9.608900e-01
8.945541e-01
8.313598e-01
7.712760e-01
7.142783e-01
6.602891e-01
6.092352e-01
5.610000e-01
5.154653e-01
4.725313e-01
4.321382e-01
3.942611e-01
3.588582e-01
3.258590e-01
2.951352e-01
2.665523e-01
2.400234e-01
2.155138e-01
1.930175e-01
1.724856e-01
1.538193e-01
1.369527e-01
1.219547e-01
1.090470e-01
9.852699e-02
9.076983e-02
8.637477e-02
8.603429e-02
8.957883e-02
9.449723e-02
9.562876e-02
8.754456e-02
6.840802e-02
4.163573e-02
1.344930e-02
-1.105440e-02
-2.959977e-02
-4.192654e-02
-4.887851e-02
-5.201672e-02
-5.247527e-02
-5.110797e-02
-4.858118e-02
-4.532031e-02
-4.164056e-02
-3.773798e-02
-3.368842e-02
-2.961315e-02
-2.549882e-02
-2.122920e-02
-1.657452e-02
-1.117153e-02
-2.969564e-04
