9.231465e+01
9.231173e+01
9.230850e+01
9.230496e+01
9.230105e+01
9.229667e+01
9.229191e+01
9.228657e+01
9.228072e+01
9.227424e+01
9.226721e+01
9.225933e+01
9.225063e+01
9.224104e+01
9.223048e+01
9.221849e+01
9.220578e+01
9.219114e+01
9.217572e+01
9.215824e+01
9.213898e+01
9.211727e+01
9.209432e+01
9.206835e+01
9.203975e+01
9.200788e+01
9.197325e+01
9.193442e+01
9.189222e+01
9.184531e+01
9.179318e+01
9.173623e+01
9.167311e+01
9.160341e+01
9.152650e+01
9.144167e+01
9.134809e+01
9.124482e+01
9.113089e+01
9.100538e+01
9.086689e+01
9.071412e+01
9.054609e+01
9.036072e+01
9.015662e+01
8.993051e+01
8.968442e+01
8.940951e+01
8.911256e+01
8.878333e+01
8.842141e+01
8.802390e+01
8.758756e+01
8.710884e+01
8.658414e+01
8.600936e+01
8.538053e+01
8.469285e+01
8.394188e+01
8.312259e+01
8.222986e+01
8.125892e+01
8.020455e+01
7.906106e+01
7.782353e+01
7.648687e+01
7.504668e+01
7.349877e+01
7.183967e+01
7.006678e+01
6.817856e+01
6.617476e+01
6.405679e+01
6.182777e+01
5.949301e+01
5.705972e+01
5.453792e+01
5.194013e+01
4.928122e+01
4.657859e+01
4.385199e+01
4.112278e+01
3.841374e+01
3.574821e+01
3.314929e+01
3.063900e+01
2.823729e+01
2.596103e+01
2.382418e+01
2.183539e+01
1.999975e+01
1.831785e+01
1.678631e+01
1.539870e+01
1.414613e+01
1.301826e+01
1.200416e+01
1.109306e+01
1.027479e+01
9.540140e+00
8.881014e+00
8.290260e+00
7.761636e+00
7.289506e+00
6.868584e+00
6.493674e+00
6.159488e+00
5.860620e+00
5.591693e+00
5.347660e+00
5.124108e+00
4.917436e+00
4.724831e+00
4.544103e+00
4.373532e+00
4.211825e+00
4.058164e+00
3.912242e+00
3.774121e+00
3.643864e+00
3.521020e+00
3.404249e+00
3.291476e+00
3.180749e+00
3.071411e+00
2.964589e+00
2.862204e+00
2.764981e+00
2.671316e+00
2.578549e+00
2.485657e+00
2.394188e+00
2.305957e+00
2.220559e+00
2.136250e+00
2.052486e+00
1.970202e+00
1.890090e+00
1.811691e+00
1.734318e+00
1.658240e+00
1.584038e+00
1.511448e+00
1.440227e+00
1.370773e+00
1.303106e+00
1.237055e+00
1.172817e+00
1.110479e+00
1.050001e+00
9.914624e-01
9.348116e-01
8.801163e-01
8.274852e-01
7.768300e-01
7.281803e-01
6.815975e-01
6.370673e-01
5.946538e-01
5.542723e-01
5.158585e-01
4.794497e-01
4.449977e-01
4.124397e-01
3.818090e-01
3.531179e-01
3.261873e-01
3.009616e-01
2.774504e-01
2.555728e-01
2.352850e-01
2.165137e-01
1.991503e-01
1.831785e-01
1.685444e-01
1.551121e-01
1.428752e-01
1.318109e-01
1.218134e-01
1.129237e-01
1.052528e-01
9.896564e-02
9.437716e-02
9.140482e-02
8.856404e-02
8.282525e-02
7.253645e-02
5.981038e-02
4.819475e-02
3.937125e-02
3.324368e-02
2.902955e-02
2.591531e-02
2.334775e-02
2.094211e-02
1.846103e-02
1.569874e-02
1.245094e-02
8.280527e-03
-6.914966e-04
