2.940310e-02
2.940406e-02
2.969373e-02
3.025555e-02
3.110757e-02
3.233321e-02
3.380436e-02
3.569484e-02
3.788044e-02
4.046480e-02
4.333306e-02
4.673526e-02
5.059619e-02
5.492829e-02
5.979566e-02
6.554612e-02
7.144316e-02
7.862026e-02
8.586560e-02
9.438089e-02
1.037887e-01
1.146360e-01
1.256351e-01
1.384748e-01
1.526031e-01
1.685046e-01
1.855245e-01
2.049422e-01
2.257240e-01
2.490336e-01
2.750987e-01
3.032817e-01
3.346861e-01
3.693689e-01
4.076449e-01
4.498396e-01
4.963668e-01
5.477200e-01
6.043557e-01
6.666667e-01
7.354282e-01
8.112862e-01
8.944963e-01
9.863288e-01
1.087326e+00
1.199695e+00
1.320475e+00
1.457243e+00
1.602040e+00
1.763909e+00
1.941546e+00
2.136278e+00
2.349528e+00
2.582949e+00
2.838052e+00
3.116696e+00
3.420417e+00
3.751406e+00
4.111327e+00
4.502220e+00
4.926026e+00
5.384152e+00
5.878344e+00
6.410575e+00
6.981944e+00
7.593566e+00
8.245836e+00
8.938849e+00
9.672097e+00
1.044417e+01
1.125291e+01
1.209504e+01
1.296601e+01
1.386017e+01
1.477021e+01
1.568772e+01
1.660251e+01
1.750284e+01
1.837589e+01
1.920773e+01
1.998342e+01
2.068790e+01
2.130626e+01
2.182447e+01
2.222999e+01
2.251254e+01
2.266484e+01
2.268319e+01
2.256701e+01
2.232083e+01
2.195220e+01
2.147216e+01
2.089453e+01
2.023467e+01
1.950887e+01
1.873322e+01
1.792286e+01
1.709131e+01
1.625025e+01
1.540936e+01
1.457630e+01
1.375714e+01
1.295650e+01
1.217798e+01
1.142451e+01
1.069867e+01
1.000288e+01
9.339426e+00
8.710374e+00
8.117263e+00
7.560874e+00
7.041161e+00
6.557316e+00
6.108013e+00
5.691625e+00
5.306261e+00
4.949744e+00
4.619641e+00
4.313390e+00
4.028664e+00
3.763862e+00
3.518384e+00
3.292375e+00
3.085839e+00
2.897547e+00
2.724685e+00
2.563964e+00
2.413560e+00
2.274037e+00
2.146896e+00
2.031917e+00
1.926457e+00
1.827901e+00
1.735997e+00
1.651775e+00
1.575009e+00
1.504099e+00
1.437841e+00
1.376234e+00
1.319488e+00
1.266882e+00
1.217473e+00
1.171214e+00
1.128031e+00
1.087259e+00
1.048647e+00
1.012155e+00
9.773944e-01
9.441179e-01
9.122224e-01
8.815030e-01
8.518986e-01
8.232352e-01
7.953224e-01
7.681753e-01
7.416888e-01
7.157451e-01
6.903058e-01
6.652600e-01
6.406555e-01
6.165083e-01
5.927408e-01
5.693622e-01
5.463960e-01
5.237711e-01
5.014441e-01
4.795554e-01
4.581221e-01
4.370854e-01
4.164877e-01
3.963283e-01
3.766395e-01
3.574702e-01
3.387954e-01
3.206175e-01
3.030185e-01
2.859488e-01
2.693775e-01
2.533675e-01
2.378196e-01
2.225769e-01
2.074621e-01
1.921607e-01
1.767744e-01
1.627419e-01
1.528197e-01
1.481671e-01
1.462477e-01
1.434301e-01
1.382163e-01
1.309362e-01
1.225306e-01
1.138821e-01
1.055328e-01
9.782447e-02
9.091943e-02
8.493869e-02
7.998426e-02
7.640101e-02
7.773545e-02
