1.417903e+00
1.427632e+00
1.437463e+00
1.447397e+00
1.457435e+00
1.467579e+00
1.477831e+00
1.488191e+00
1.498661e+00
1.509243e+00
1.519938e+00
1.530749e+00
1.541676e+00
1.552721e+00
1.563886e+00
1.575173e+00
1.586583e+00
1.598119e+00
1.609781e+00
1.621572e+00
1.633493e+00
1.645547e+00
1.657735e+00
1.670058e+00
1.682520e+00
1.695122e+00
1.707865e+00
1.720752e+00
1.733785e+00
1.746965e+00
1.760296e+00
1.773778e+00
1.787415e+00
1.801208e+00
1.815160e+00
1.829272e+00
1.843548e+00
1.857990e+00
1.872600e+00
1.887380e+00
1.902333e+00
1.917461e+00
1.932768e+00
1.948255e+00
1.963926e+00
1.979783e+00
1.995828e+00
2.012065e+00
2.028497e+00
2.045127e+00
2.061956e+00
2.078990e+00
2.096230e+00
2.113680e+00
2.131343e+00
2.149223e+00
2.167323e+00
2.185647e+00
2.204197e+00
2.222979e+00
2.241995e+00
2.261250e+00
2.280746e+00
2.300488e+00
2.320481e+00
2.340727e+00
2.361231e+00
2.381998e+00
2.403030e+00
2.424333e+00
2.445910e+00
2.467766e+00
2.489906e+00
2.512334e+00
2.535054e+00
2.558071e+00
2.581390e+00
2.605015e+00
2.628952e+00
2.653206e+00
2.677781e+00
2.702683e+00
2.727917e+00
2.753489e+00
2.779403e+00
2.805666e+00
2.832284e+00
2.859261e+00
2.886604e+00
2.914320e+00
2.942413e+00
2.970890e+00
2.999759e+00
3.029024e+00
3.058693e+00
3.088772e+00
3.119269e+00
3.150191e+00
3.181544e+00
3.213337e+00
3.245576e+00
3.278270e+00
3.311426e+00
3.345054e+00
3.379160e+00
3.413754e+00
3.448844e+00
3.484439e+00
3.520548e+00
3.557180e+00
3.594344e+00
3.632051e+00
3.670309e+00
3.709128e+00
3.748518e+00
3.788490e+00
3.829053e+00
3.870219e+00
3.911997e+00
3.954398e+00
3.997434e+00
4.041116e+00
4.085456e+00
4.130465e+00
4.176156e+00
4.222541e+00
4.269633e+00
4.317444e+00
4.365988e+00
4.415279e+00
4.465330e+00
4.516156e+00
4.567772e+00
4.620191e+00
4.673429e+00
4.727502e+00
4.782425e+00
4.838214e+00
4.894886e+00
4.952457e+00
5.010944e+00
5.070364e+00
5.130736e+00
5.192078e+00
5.254407e+00
5.317743e+00
5.382106e+00
5.447514e+00
5.513989e+00
5.581551e+00
