1.000000e-02
1.033677e-02
1.068487e-02
1.104471e-02
1.141665e-02
1.180113e-02
1.219855e-02
1.260936e-02
1.303400e-02
1.347294e-02
1.392667e-02
1.439567e-02
1.488047e-02
1.538159e-02
1.589959e-02
1.643504e-02
1.698852e-02
1.756063e-02
1.815202e-02
1.876332e-02
1.939520e-02
2.004837e-02
2.072353e-02
2.142143e-02
2.214283e-02
2.288853e-02
2.365934e-02
2.445611e-02
2.527971e-02
2.613104e-02
2.701105e-02
2.792069e-02
2.886097e-02
2.983291e-02
3.083758e-02
3.187609e-02
3.294957e-02
3.405920e-02
3.520620e-02
3.639183e-02
3.761739e-02
3.888422e-02
4.019371e-02
4.154730e-02
4.294647e-02
4.439277e-02
4.588777e-02
4.743311e-02
4.903050e-02
5.068169e-02
5.238848e-02
5.415275e-02
5.597643e-02
5.786153e-02
5.981012e-02
6.182432e-02
6.390636e-02
6.605851e-02
6.828314e-02
7.058269e-02
7.295968e-02
7.541672e-02
7.795651e-02
8.058182e-02
8.329555e-02
8.610067e-02
8.900025e-02
9.199748e-02
9.509565e-02
9.829816e-02
1.016085e-01
1.050304e-01
1.085674e-01
1.122236e-01
1.160029e-01
1.199095e-01
1.239477e-01
1.281218e-01
1.324365e-01
1.368966e-01
1.415068e-01
1.462723e-01
1.511982e-01
1.562901e-01
1.615534e-01
1.669940e-01
1.726178e-01
1.784310e-01
1.844399e-01
1.906513e-01
1.970718e-01
2.037085e-01
2.105687e-01
2.176600e-01
2.249900e-01
2.325669e-01
2.403990e-01
2.484949e-01
2.568633e-01
2.655137e-01
2.744553e-01
2.836980e-01
2.932520e-01
3.031278e-01
3.133361e-01
3.238882e-01
3.347957e-01
3.460705e-01
3.577250e-01
3.697720e-01
3.822247e-01
3.950967e-01
4.084023e-01
4.221559e-01
4.363727e-01
4.510683e-01
4.662588e-01
4.819608e-01
4.981917e-01
5.149691e-01
5.323115e-01
5.502380e-01
5.687682e-01
5.879224e-01
6.077217e-01
6.281877e-01
6.493430e-01
6.712107e-01
6.938149e-01
7.171803e-01
7.413325e-01
7.662981e-01
7.921045e-01
8.187799e-01
8.463537e-01
8.748561e-01
9.043183e-01
9.347728e-01
9.662528e-01
9.987930e-01
1.032429e+00
1.067198e+00
1.103137e+00
1.140287e+00
1.178689e+00
1.218383e+00
1.259414e+00
1.301827e+00
1.345668e+00
1.390986e+00
1.437829e+00
1.486251e+00
1.536303e+00
1.588040e+00
1.641520e+00
1.696801e+00
1.753944e+00
1.813011e+00
1.874067e+00
1.937179e+00
2.002417e+00
2.069852e+00
2.139557e+00
2.211611e+00
2.286090e+00
2.363078e+00
2.442659e+00
2.524919e+00
2.609950e+00
2.697845e+00
2.788699e+00
2.882613e+00
2.979690e+00
3.080036e+00
3.183762e+00
3.290980e+00
3.401809e+00
3.516371e+00
3.634791e+00
3.757198e+00
3.883728e+00
4.014519e+00
4.149715e+00
4.289463e+00
4.433918e+00
4.583238e+00
4.737586e+00
4.897132e+00
5.062051e+00
5.232524e+00
5.408738e+00
5.590887e+00
5.779169e+00
5.973792e+00
6.174970e+00
6.382922e+00
6.597878e+00
6.820073e+00
7.049750e+00
7.287162e+00
7.532569e+00
7.786241e+00
8.048456e+00
8.319501e+00
8.599674e+00
8.889283e+00
9.188644e+00
9.498087e+00
9.817951e+00
1.014859e+01
1.049036e+01
1.084364e+01
1.120882e+01
1.158629e+01
1.197648e+01
1.237981e+01
1.279672e+01
1.322767e+01
1.367313e+01
1.413360e+01
1.460957e+01
1.510157e+01
1.561014e+01
1.613584e+01
1.667924e+01
1.724094e+01
1.782156e+01
1.842173e+01
1.904211e+01
1.968339e+01
2.034626e+01
2.103146e+01
2.173972e+01
2.247185e+01
2.322862e+01
2.401089e+01
2.481949e+01
2.565533e+01
2.651932e+01
2.741240e+01
2.833556e+01
2.928981e+01
3.027619e+01
3.129579e+01
3.234973e+01
3.343916e+01
3.456528e+01
3.572932e+01
3.693257e+01
3.817633e+01
3.946198e+01
4.079093e+01
4.216464e+01
4.358460e+01
4.505239e+01
4.656960e+01
4.813791e+01
4.975903e+01
5.143475e+01
5.316690e+01
5.495739e+01
5.680817e+01
5.872128e+01
6.069882e+01
6.274295e+01
6.485593e+01
6.704006e+01
6.929774e+01
7.163146e+01
7.404377e+01
7.653732e+01
7.911484e+01
8.177916e+01
8.453322e+01
8.738001e+01
9.032268e+01
9.336445e+01
9.650865e+01
9.975874e+01
1.031183e+02
1.065910e+02
1.101806e+02
1.138911e+02
1.177266e+02
1.216912e+02
1.257894e+02
1.300255e+02
1.344044e+02
1.389307e+02
1.436094e+02
1.484457e+02
1.534448e+02
1.586123e+02
1.639539e+02
1.694753e+02
1.751827e+02
1.810822e+02
1.871805e+02
1.934841e+02
2.000000e+02
