9.220132e+02
9.060110e+02
8.900293e+02
8.740699e+02
8.581343e+02
8.422244e+02
8.263422e+02
8.104898e+02
7.946693e+02
7.788832e+02
7.631340e+02
7.474243e+02
7.317571e+02
7.161353e+02
7.005621e+02
6.850409e+02
6.695753e+02
6.541691e+02
6.388262e+02
6.235508e+02
6.083474e+02
5.932204e+02
5.781747e+02
5.632155e+02
5.483479e+02
5.335773e+02
5.189096e+02
5.043505e+02
4.899063e+02
4.755831e+02
4.613875e+02
4.473261e+02
4.334058e+02
4.196335e+02
4.060164e+02
3.925616e+02
3.792764e+02
3.661682e+02
3.532444e+02
3.405123e+02
3.279793e+02
3.156527e+02
3.035397e+02
2.916474e+02
2.799826e+02
2.685521e+02
2.573622e+02
2.464191e+02
2.357287e+02
2.252963e+02
2.151269e+02
2.052253e+02
1.955954e+02
1.862408e+02
1.771648e+02
1.683696e+02
1.598574e+02
1.516293e+02
1.436861e+02
1.360278e+02
1.286539e+02
1.215633e+02
1.147541e+02
1.082240e+02
1.019699e+02
9.598823e+01
9.027492e+01
8.482532e+01
7.963429e+01
7.469626e+01
7.000522e+01
6.555481e+01
6.133831e+01
5.734872e+01
5.357879e+01
5.002108e+01
4.666795e+01
4.351168e+01
4.054445e+01
3.775841e+01
3.514570e+01
3.269851e+01
3.040909e+01
2.826978e+01
2.627307e+01
2.441158e+01
2.267812e+01
2.106569e+01
1.956751e+01
1.817703e+01
1.688794e+01
1.569416e+01
1.458992e+01
1.356967e+01
1.262816e+01
1.176041e+01
1.096174e+01
1.022776e+01
9.554371e+00
8.937809e+00
8.374667e+00
7.861944e+00
7.397213e+00
6.978757e+00
6.607370e+00
6.289124e+00
6.013649e+00
5.753291e+00
5.511820e+00
5.287087e+00
5.076974e+00
4.880328e+00
4.696225e+00
4.522253e+00
4.356504e+00
4.197858e+00
4.045507e+00
3.899838e+00
3.762027e+00
3.633185e+00
3.513301e+00
3.400345e+00
3.290661e+00
3.180690e+00
3.069689e+00
2.960722e+00
2.857975e+00
2.762669e+00
2.671407e+00
2.579203e+00
2.484987e+00
2.392483e+00
2.304812e+00
2.220410e+00
2.136216e+00
2.052046e+00
1.969597e+00
1.889712e+00
1.811549e+00
1.734101e+00
1.657889e+00
1.583812e+00
1.511294e+00
1.439996e+00
1.370577e+00
1.302958e+00
1.236889e+00
1.172662e+00
1.110348e+00
1.049870e+00
9.913526e-01
9.347067e-01
8.800128e-01
8.273999e-01
7.767497e-01
7.281046e-01
6.815314e-01
6.370031e-01
5.945997e-01
5.542251e-01
5.158138e-01
4.794107e-01
4.449639e-01
4.124083e-01
3.817796e-01
3.530949e-01
3.261668e-01
3.009426e-01
2.774344e-01
2.555585e-01
2.352727e-01
2.165035e-01
1.991410e-01
1.831703e-01
1.685381e-01
1.551062e-01
1.428699e-01
1.318067e-01
1.218093e-01
1.129196e-01
1.052488e-01
9.896087e-02
9.437267e-02
9.140387e-02
8.857049e-02
8.283492e-02
7.254074e-02
5.980799e-02
4.819058e-02
3.936785e-02
3.324158e-02
2.902852e-02
2.591484e-02
2.334764e-02
2.094219e-02
1.846116e-02
1.569927e-02
1.245049e-02
8.284853e-03
-1.665388e-03
