8.743108e+02
8.644510e+02
8.545986e+02
8.447540e+02
8.349177e+02
8.250901e+02
8.152716e+02
8.054627e+02
7.956639e+02
7.858756e+02
7.760985e+02
7.663330e+02
7.565798e+02
7.468394e+02
7.371125e+02
7.273998e+02
7.177018e+02
7.080194e+02
6.983532e+02
6.887041e+02
6.790729e+02
6.694603e+02
6.598672e+02
6.502946e+02
6.407433e+02
6.312144e+02
6.217089e+02
6.122277e+02
6.027720e+02
5.933429e+02
5.839414e+02
5.745690e+02
5.652266e+02
5.559157e+02
5.466375e+02
5.373933e+02
5.281846e+02
5.190128e+02
5.098793e+02
5.007857e+02
4.917334e+02
4.827242e+02
4.737595e+02
4.648410e+02
4.559705e+02
4.471497e+02
4.383802e+02
4.296640e+02
4.210029e+02
4.123986e+02
4.038531e+02
3.953683e+02
3.869461e+02
3.785885e+02
3.702974e+02
3.620748e+02
3.539227e+02
3.458432e+02
3.378382e+02
3.299097e+02
3.220598e+02
3.142905e+02
3.066037e+02
2.990015e+02
2.914858e+02
2.840585e+02
2.767217e+02
2.694771e+02
2.623266e+02
2.552721e+02
2.483152e+02
2.414578e+02
2.347014e+02
2.280477e+02
2.214981e+02
2.150543e+02
2.087175e+02
2.024891e+02
1.963702e+02
1.903622e+02
1.844659e+02
1.786824e+02
1.730124e+02
1.674569e+02
1.620164e+02
1.566915e+02
1.514827e+02
1.463902e+02
1.414143e+02
1.365551e+02
1.318127e+02
1.271868e+02
1.226772e+02
1.182837e+02
1.140057e+02
1.098427e+02
1.057941e+02
1.018589e+02
9.803643e+01
9.432557e+01
9.072528e+01
8.723435e+01
8.385151e+01
8.057540e+01
7.740455e+01
7.433744e+01
7.137246e+01
6.850793e+01
6.574211e+01
6.307319e+01
6.049931e+01
5.801856e+01
5.562899e+01
5.332861e+01
5.111539e+01
4.898726e+01
4.694215e+01
4.497797e+01
4.309259e+01
4.128390e+01
3.954978e+01
3.788809e+01
3.629674e+01
3.477360e+01
3.331658e+01
3.192362e+01
3.059265e+01
2.932166e+01
2.810865e+01
2.695166e+01
2.584876e+01
2.479807e+01
2.379775e+01
2.284599e+01
2.194106e+01
2.108127e+01
2.026499e+01
1.949064e+01
1.875672e+01
1.806181e+01
1.740457e+01
1.678375e+01
1.619824e+01
1.564704e+01
1.512938e+01
1.464474e+01
1.419319e+01
1.377508e+01
1.339585e+01
1.306221e+01
1.275614e+01
1.245920e+01
1.217256e+01
1.189544e+01
1.162782e+01
1.136882e+01
1.111817e+01
1.087531e+01
1.063986e+01
1.041151e+01
1.018979e+01
9.974459e+00
9.765033e+00
9.561218e+00
9.362763e+00
9.169287e+00
8.980603e+00
8.796320e+00
8.616203e+00
8.440086e+00
8.267626e+00
8.098629e+00
7.932948e+00
7.770318e+00
7.610652e+00
7.453681e+00
7.299273e+00
7.147359e+00
6.997707e+00
6.850217e+00
6.704821e+00
6.561346e+00
6.419774e+00
6.279919e+00
6.141726e+00
6.005176e+00
5.870156e+00
5.736694e+00
5.604665e+00
5.474053e+00
5.344869e+00
5.217030e+00
5.090564e+00
4.965393e+00
4.841574e+00
4.719021e+00
4.597753e+00
4.477818e+00
4.359174e+00
4.241879e+00
4.125878e+00
4.011255e+00
3.898003e+00
3.786100e+00
3.675606e+00
3.566484e+00
3.458825e+00
3.352639e+00
3.247905e+00
3.144704e+00
3.043045e+00
2.942907e+00
2.844369e+00
2.747440e+00
2.652098e+00
2.558409e+00
2.466392e+00
2.376072e+00
2.287469e+00
2.200603e+00
2.115488e+00
2.032144e+00
1.950547e+00
1.870735e+00
1.792887e+00
1.716848e+00
1.642655e+00
1.570342e+00
1.499888e+00
1.431302e+00
1.364586e+00
1.299737e+00
1.236760e+00
1.175671e+00
1.116444e+00
1.059092e+00
1.003584e+00
9.499301e-01
8.980927e-01
8.480804e-01
7.998765e-01
7.534689e-01
7.088423e-01
6.659786e-01
6.248523e-01
5.854404e-01
5.477232e-01
5.116560e-01
4.772178e-01
4.443626e-01
4.130730e-01
3.833159e-01
3.550639e-01
3.282913e-01
3.029503e-01
2.790072e-01
2.564137e-01
2.351268e-01
2.151158e-01
1.963479e-01
1.787899e-01
1.624016e-01
1.471378e-01
1.329463e-01
1.197888e-01
1.076360e-01
9.647053e-02
8.626700e-02
7.699417e-02
6.864983e-02
6.128580e-02
5.502067e-02
5.002554e-02
4.654431e-02
4.490530e-02
4.532142e-02
4.730931e-02
4.909473e-02
4.791144e-02
4.157087e-02
3.015754e-02
1.608073e-02
2.358299e-03
-8.991387e-03
-1.726763e-02
-2.254769e-02
-2.534459e-02
-2.649871e-02
-2.644994e-02
-2.561427e-02
-2.426729e-02
-2.260592e-02
-2.076229e-02
-1.879214e-02
-1.677064e-02
-1.470914e-02
-1.257198e-02
-1.023006e-02
-7.446563e-03
-1.665387e-03
