1.194065e+04
1.166717e+04
1.139926e+04
1.108921e+04
1.083307e+04
1.058215e+04
1.033634e+04
1.009555e+04
9.859659e+03
9.628581e+03
9.402216e+03
9.160241e+03
8.943430e+03
8.731045e+03
8.522997e+03
8.319198e+03
8.119563e+03
7.924008e+03
7.732452e+03
7.544815e+03
7.361019e+03
7.180987e+03
6.989063e+03
6.816653e+03
6.647781e+03
6.482376e+03
6.320371e+03
6.161698e+03
6.006292e+03
5.854089e+03
5.698817e+03
5.552961e+03
5.410122e+03
5.270242e+03
5.133264e+03
4.999132e+03
4.867793e+03
4.736154e+03
4.610304e+03
4.487090e+03
4.366464e+03
4.248377e+03
4.131047e+03
4.017935e+03
3.907224e+03
3.798871e+03
3.691746e+03
3.588007e+03
3.486502e+03
3.387193e+03
3.289320e+03
3.194303e+03
3.101368e+03
3.010482e+03
2.921112e+03
2.834229e+03
2.749291e+03
2.665906e+03
2.584771e+03
2.505486e+03
2.427752e+03
2.352080e+03
2.277959e+03
2.205780e+03
2.135302e+03
2.066495e+03
1.999330e+03
1.933781e+03
1.869819e+03
1.807417e+03
1.746401e+03
1.687041e+03
1.629160e+03
1.572734e+03
1.517737e+03
1.464146e+03
1.411937e+03
1.361086e+03
1.311573e+03
1.263374e+03
1.216470e+03
1.170838e+03
1.126365e+03
1.083221e+03
1.041117e+03
1.000380e+03
9.608156e+02
9.224020e+02
8.851192e+02
8.488776e+02
8.137981e+02
7.797903e+02
7.468354e+02
7.149147e+02
6.840100e+02
6.541030e+02
6.251751e+02
5.972078e+02
5.701348e+02
5.440338e+02
5.188378e+02
4.945290e+02
4.710898e+02
4.485025e+02
4.267493e+02
4.057774e+02
3.856380e+02
3.662779e+02
3.476792e+02
3.298244e+02
3.126960e+02
2.962502e+02
2.805206e+02
2.654631e+02
2.510600e+02
2.372939e+02
2.241271e+02
2.115816e+02
1.996194e+02
1.882229e+02
1.773592e+02
1.670422e+02
1.572382e+02
1.479174e+02
1.390887e+02
1.307215e+02
1.227989e+02
1.152938e+02
1.082106e+02
1.015220e+02
9.520328e+01
8.925597e+01
8.365533e+01
7.837886e+01
7.342583e+01
6.876777e+01
6.440266e+01
6.030974e+01
5.646999e+01
5.288027e+01
4.951764e+01
4.637840e+01
4.344169e+01
4.070350e+01
3.814835e+01
3.576173e+01
3.353984e+01
3.146602e+01
2.953649e+01
2.773635e+01
2.606198e+01
2.450010e+01
2.304741e+01
2.168635e+01
2.042368e+01
1.924868e+01
1.815322e+01
1.712985e+01
1.617642e+01
1.528479e+01
1.445314e+01
1.367441e+01
1.294711e+01
1.226621e+01
1.162718e+01
1.102904e+01
1.046772e+01
9.939530e+00
9.443859e+00
8.976571e+00
8.537215e+00
8.122951e+00
7.731214e+00
7.361814e+00
7.011814e+00
6.681139e+00
6.367841e+00
6.070171e+00
5.788216e+00
5.519879e+00
5.265280e+00
5.023026e+00
4.791854e+00
4.571936e+00
4.362127e+00
4.161416e+00
3.970067e+00
3.786827e+00
3.611988e+00
3.444451e+00
3.284494e+00
3.131416e+00
2.984573e+00
2.844213e+00
2.709468e+00
2.580587e+00
2.456819e+00
2.338425e+00
2.224743e+00
2.116011e+00
2.011623e+00
1.911608e+00
1.815962e+00
1.724165e+00
1.636394e+00
1.552181e+00
1.471561e+00
1.394546e+00
1.320751e+00
1.250201e+00
1.182889e+00
1.118470e+00
1.056959e+00
9.982478e-01
9.422279e-01
8.887941e-01
8.379277e-01
7.893707e-01
7.431181e-01
6.990819e-01
6.571742e-01
6.173120e-01
5.794201e-01
5.430937e-01
5.089305e-01
4.765245e-01
4.458123e-01
4.167323e-01
3.891855e-01
3.631884e-01
3.386383e-01
3.154414e-01
2.935986e-01
2.730147e-01
2.536016e-01
2.353262e-01
2.181509e-01
2.019783e-01
1.867829e-01
1.725215e-01
1.591554e-01
1.466482e-01
1.349650e-01
1.240682e-01
1.139058e-01
1.044565e-01
9.565293e-02
8.746909e-02
7.984651e-02
7.276140e-02
6.618194e-02
6.010137e-02
5.448727e-02
4.932123e-02
4.457118e-02
4.020048e-02
3.617407e-02
3.246228e-02
2.905377e-02
2.593714e-02
2.310380e-02
2.053150e-02
1.818745e-02
1.604484e-02
1.408601e-02
1.230737e-02
1.070337e-02
9.253058e-03
7.924983e-03
6.697420e-03
5.573806e-03
4.573136e-03
3.717190e-03
3.068639e-03
2.795663e-03
3.142932e-03
4.208472e-03
5.670123e-03
6.809684e-03
6.967343e-03
6.031156e-03
4.441561e-03
2.757723e-03
1.318059e-03
2.358052e-04
-4.653118e-04
-8.915550e-04
-1.129461e-03
-1.235875e-03
-1.260728e-03
-1.234327e-03
-1.177126e-03
-1.108088e-03
-1.027884e-03
-9.486941e-04
-8.751803e-04
-8.088290e-04
-7.398786e-04
-6.680883e-04
-6.026532e-04
