1.670078e+05
1.611323e+05
1.554500e+05
1.499547e+05
1.446402e+05
1.395008e+05
1.345309e+05
1.297249e+05
1.250776e+05
1.205838e+05
1.162387e+05
1.120373e+05
1.079752e+05
1.040478e+05
1.002508e+05
9.658004e+04
9.303141e+04
8.960103e+04
8.628510e+04
8.307997e+04
7.998209e+04
7.698803e+04
7.409449e+04
7.129824e+04
6.859620e+04
6.598535e+04
6.346281e+04
6.102575e+04
5.867148e+04
5.639736e+04
5.420085e+04
5.207949e+04
5.003091e+04
4.805280e+04
4.614294e+04
4.429918e+04
4.251943e+04
4.080168e+04
3.914397e+04
3.754442e+04
3.600120e+04
3.451253e+04
3.307671e+04
3.169207e+04
3.035702e+04
2.906999e+04
2.782948e+04
2.663402e+04
2.548221e+04
2.437268e+04
2.330409e+04
2.227516e+04
2.128464e+04
2.033132e+04
1.941403e+04
1.853162e+04
1.768300e+04
1.686710e+04
1.608286e+04
1.532928e+04
1.460538e+04
1.391020e+04
1.324282e+04
1.260234e+04
1.198788e+04
1.139860e+04
1.083366e+04
1.029226e+04
9.773610e+03
9.276959e+03
8.801561e+03
8.346693e+03
7.911653e+03
7.495757e+03
7.098338e+03
6.718747e+03
6.356353e+03
6.010540e+03
5.680708e+03
5.366274e+03
5.066668e+03
4.781338e+03
4.509743e+03
4.251360e+03
4.005677e+03
3.772198e+03
3.550438e+03
3.339927e+03
3.140209e+03
2.950837e+03
2.771381e+03
2.601420e+03
2.440549e+03
2.288371e+03
2.144504e+03
2.008576e+03
1.880228e+03
1.759112e+03
1.644890e+03
1.537238e+03
1.435841e+03
1.340395e+03
1.250607e+03
1.166195e+03
1.086888e+03
1.012423e+03
9.425484e+02
8.770233e+02
8.156152e+02
7.581017e+02
7.042693e+02
6.539140e+02
6.068404e+02
5.628619e+02
5.218001e+02
4.834852e+02
4.477551e+02
4.144554e+02
3.834396e+02
3.545680e+02
3.277082e+02
3.027347e+02
2.795284e+02
2.579765e+02
2.379724e+02
2.194153e+02
2.022100e+02
1.862668e+02
1.715010e+02
1.578329e+02
1.451875e+02
1.334943e+02
1.226872e+02
1.127039e+02
1.034862e+02
9.497956e+01
8.713278e+01
7.989808e+01
7.323079e+01
6.708918e+01
6.143431e+01
5.622985e+01
5.144199e+01
4.703921e+01
4.299220e+01
3.927371e+01
3.585840e+01
3.272277e+01
2.984500e+01
2.720486e+01
2.478360e+01
2.256386e+01
2.052956e+01
1.866584e+01
1.696678e+01
1.599066e+01
1.508062e+01
1.423046e+01
1.343841e+01
1.269770e+01
1.200681e+01
1.135989e+01
1.075569e+01
1.019004e+01
9.659175e+00
9.162275e+00
8.695960e+00
8.257171e+00
7.845397e+00
7.457202e+00
7.092211e+00
6.748065e+00
6.422634e+00
6.115758e+00
5.824998e+00
5.550293e+00
5.290024e+00
5.042737e+00
4.808506e+00
4.585588e+00
4.374082e+00
4.172832e+00
3.980788e+00
3.798093e+00
3.623796e+00
3.457057e+00
3.298096e+00
3.145871e+00
3.000625e+00
2.861445e+00
2.728562e+00
2.601395e+00
2.479406e+00
2.362803e+00
2.250865e+00
2.143798e+00
2.040980e+00
1.942625e+00
1.848184e+00
1.757856e+00
1.671137e+00
1.588051e+00
1.508593e+00
1.432334e+00
1.359419e+00
1.289460e+00
1.222485e+00
1.158506e+00
1.097202e+00
1.038592e+00
9.826737e-01
9.291584e-01
8.780585e-01
8.292849e-01
7.827470e-01
7.383574e-01
6.961006e-01
6.557623e-01
6.173383e-01
5.807557e-01
5.459413e-01
5.128261e-01
4.813478e-01
4.511699e-01
4.227893e-01
3.958683e-01
3.703544e-01
3.461964e-01
3.233122e-01
3.017153e-01
2.813206e-01
2.620499e-01
2.439043e-01
2.268044e-01
2.106772e-01
1.954950e-01
1.812268e-01
1.677916e-01
1.551681e-01
1.433206e-01
1.322168e-01
1.218267e-01
1.121209e-01
1.030685e-01
9.462621e-02
8.677629e-02
7.946277e-02
7.266412e-02
6.633174e-02
6.044585e-02
5.498003e-02
4.992865e-02
4.526479e-02
4.097314e-02
3.702709e-02
3.339617e-02
3.005127e-02
2.696773e-02
2.413615e-02
2.154703e-02
1.919326e-02
1.705635e-02
1.510905e-02
1.332910e-02
1.170182e-02
1.022423e-02
8.891723e-03
7.686891e-03
6.583605e-03
5.563818e-03
4.630387e-03
3.799090e-03
3.088020e-03
2.549243e-03
2.322470e-03
2.610961e-03
3.496148e-03
4.710401e-03
5.657081e-03
5.788055e-03
5.010326e-03
3.689785e-03
2.290952e-03
1.094965e-03
1.958930e-04
-3.865534e-04
-7.406509e-04
-9.382893e-04
-1.026691e-03
-1.047338e-03
-1.025406e-03
-9.778863e-04
-9.205339e-04
-8.539050e-04
-7.881187e-04
-7.270478e-04
-6.719270e-04
-6.146472e-04
-5.550081e-04
-5.006484e-04
