6.197985e+01
6.107240e+01
6.011231e+01
5.912156e+01
5.812078e+01
5.712757e+01
5.613915e+01
5.520093e+01
5.423536e+01
5.326514e+01
5.229835e+01
5.134018e+01
5.042321e+01
4.949867e+01
4.854568e+01
4.763008e+01
4.675451e+01
4.592011e+01
4.506601e+01
4.418609e+01
4.328118e+01
4.239449e+01
4.154605e+01
4.071353e+01
3.988272e+01
3.905388e+01
3.821982e+01
3.737985e+01
3.656806e+01
3.579797e+01
3.505633e+01
3.431825e+01
3.355122e+01
3.277980e+01
3.201524e+01
3.125477e+01
3.055443e+01
2.988084e+01
2.916676e+01
2.845147e+01
2.776977e+01
2.708472e+01
2.639564e+01
2.575620e+01
2.517319e+01
2.459085e+01
2.394292e+01
2.325886e+01
2.262084e+01
2.206400e+01
2.154208e+01
2.099062e+01
2.039648e+01
1.978216e+01
1.919102e+01
1.865970e+01
1.818325e+01
1.772697e+01
1.726034e+01
1.676791e+01
1.624533e+01
1.572456e+01
1.523557e+01
1.477206e+01
1.434437e+01
1.393100e+01
1.350170e+01
1.307577e+01
1.267680e+01
1.228501e+01
1.188739e+01
1.150717e+01
1.115210e+01
1.079121e+01
1.040375e+01
1.002027e+01
9.671523e+00
9.359887e+00
9.063465e+00
8.747116e+00
8.416705e+00
8.092962e+00
7.783504e+00
7.501696e+00
7.253356e+00
7.010333e+00
6.747210e+00
6.476810e+00
6.217713e+00
5.974380e+00
5.727590e+00
5.478591e+00
5.255388e+00
5.056053e+00
4.859794e+00
4.666033e+00
4.472718e+00
4.267368e+00
4.065759e+00
3.886543e+00
3.726965e+00
3.573322e+00
3.408284e+00
3.234767e+00
3.074739e+00
2.934914e+00
2.795515e+00
2.645424e+00
2.504466e+00
2.381861e+00
2.262204e+00
2.144899e+00
2.041783e+00
1.945297e+00
1.849331e+00
1.754701e+00
1.655352e+00
1.551691e+00
1.448916e+00
1.353267e+00
1.271646e+00
1.205279e+00
1.148989e+00
1.090854e+00
1.021355e+00
9.431542e-01
8.694102e-01
8.117897e-01
7.691808e-01
7.273936e-01
6.757461e-01
6.205471e-01
5.742991e-01
5.374974e-01
5.014820e-01
4.634232e-01
4.263867e-01
3.932891e-01
3.640518e-01
3.356394e-01
3.076698e-01
2.828441e-01
2.601821e-01
2.378468e-01
2.172085e-01
1.985368e-01
1.808970e-01
1.645877e-01
1.495949e-01
1.354765e-01
1.224777e-01
1.104335e-01
9.938454e-02
8.943114e-02
8.033045e-02
7.200761e-02
6.434376e-02
5.725761e-02
5.083719e-02
4.508066e-02
3.986776e-02
3.518916e-02
3.098050e-02
2.715010e-02
2.368461e-02
2.063757e-02
1.794223e-02
1.551886e-02
1.337237e-02
1.147022e-02
9.794924e-03
8.334321e-03
7.051103e-03
5.924624e-03
4.952194e-03
4.109199e-03
3.375008e-03
2.746905e-03
2.202232e-03
1.724139e-03
1.309127e-03
9.585441e-04
7.348204e-04
7.910416e-04
1.257480e-03
1.772089e-03
1.737802e-03
1.170957e-03
5.393939e-04
9.153159e-05
-1.565029e-04
-2.660666e-04
-3.000004e-04
-2.934506e-04
-2.697805e-04
-2.389136e-04
-2.081368e-04
-1.820517e-04
-1.551191e-04
-1.294404e-04
