1.468490e+03 1.328991e-06
1.387335e+03 1.108666e-06
1.280350e+03 9.353019e-07
1.199510e+03 9.448406e-07
1.120538e+03 1.060382e-06
1.039628e+03 9.641200e-07
9.714499e+02 8.580337e-07
9.030364e+02 7.139819e-07
8.365522e+02 6.642038e-07
7.804901e+02 7.208924e-07
7.240735e+02 5.459297e-07
6.697038e+02 5.121967e-07
6.194238e+02 5.738545e-07
5.728744e+02 5.473340e-07
5.294939e+02 4.611852e-07
4.878223e+02 4.561490e-07
4.481023e+02 3.613277e-07
4.125725e+02 3.507533e-07
3.781142e+02 3.610193e-07
3.458624e+02 2.898173e-07
3.160525e+02 2.805625e-07
2.883726e+02 2.646660e-07
2.619069e+02 2.202206e-07
2.377969e+02 1.970187e-07
2.151518e+02 1.765361e-07
1.940608e+02 1.829878e-07
1.746478e+02 1.552350e-07
1.565986e+02 1.495176e-07
1.400045e+02 1.208954e-07
1.246592e+02 1.091888e-07
1.106204e+02 1.041341e-07
9.774808e+01 8.966716e-08
8.598819e+01 7.276711e-08
7.534703e+01 7.051875e-08
6.569554e+01 5.703118e-08
5.699644e+01 5.057570e-08
4.919212e+01 4.408873e-08
4.226022e+01 4.128430e-08
3.611650e+01 3.549781e-08
3.069601e+01 2.823856e-08
2.594383e+01 2.436159e-08
2.182779e+01 1.898964e-08
1.827022e+01 1.752434e-08
1.522974e+01 1.259302e-08
1.264413e+01 1.066694e-08
1.046086e+01 9.041401e-09
8.639784e+00 9.273579e-09
7.123908e+00 9.884089e-09
5.875041e+00 8.918400e-09
4.853767e+00 9.974635e-09
4.018700e+00 9.737318e-09
3.339578e+00 9.234250e-09
2.788677e+00 9.785489e-09
2.341619e+00 8.818901e-09
1.977068e+00 9.473365e-09
1.678129e+00 9.977220e-09
1.432570e+00 9.116814e-09
1.229442e+00 9.275982e-09
1.059547e+00 9.363380e-09
9.166722e-01 8.758731e-09
7.954030e-01 9.500852e-09
6.917516e-01 9.228880e-09
6.023544e-01 8.721137e-09
5.247525e-01 9.668341e-09
4.568654e-01 9.496223e-09
3.973650e-01 8.967448e-09
3.450172e-01 9.171482e-09
2.989087e-01 8.942726e-09
2.581063e-01 9.548499e-09
2.221428e-01 9.542433e-09
1.904556e-01 9.706045e-09
1.625799e-01 9.559418e-09
1.381317e-01 9.540454e-09
1.167661e-01 9.519231e-09
9.818227e-02 9.103230e-09
8.207523e-02 9.750357e-09
6.815396e-02 9.914126e-09
5.620568e-02 9.940452e-09
4.601370e-02 9.398123e-09
3.739712e-02 9.777378e-09
3.014771e-02 9.388914e-09
2.407781e-02 9.632960e-09
1.903543e-02 9.861245e-09
1.489098e-02 9.993622e-09
1.152782e-02 9.869196e-09
8.802472e-03 9.613345e-09
6.623465e-03 9.692585e-09
4.911345e-03 9.817002e-09
3.569668e-03 9.760302e-09
2.539073e-03 9.948836e-09
1.754926e-03 9.892132e-09
1.163542e-03 9.957632e-09
7.121775e-04 9.930684e-09
3.933250e-04 9.787940e-09
4.609150e-04 9.971676e-09
8.663189e-04 9.845529e-09
4.353127e-04 9.960865e-09
-1.694496e-05 9.916216e-09
-1.522268e-04 9.911856e-09
-1.565674e-04 9.946314e-09
