4.201075e+04
4.000729e+04
3.808410e+04
3.623857e+04
3.446818e+04
3.277047e+04
3.114304e+04
2.958357e+04
2.808979e+04
2.665950e+04
2.529055e+04
2.398086e+04
2.272839e+04
2.153117e+04
2.038727e+04
1.929480e+04
1.825196e+04
1.725694e+04
1.630802e+04
1.540351e+04
1.454177e+04
1.372119e+04
1.294022e+04
1.219734e+04
1.149107e+04
1.081997e+04
1.018264e+04
9.577728e+03
9.003909e+03
8.459898e+03
7.944446e+03
7.456340e+03
6.994405e+03
6.557499e+03
6.144515e+03
5.754382e+03
5.386060e+03
5.038544e+03
4.710862e+03
4.402074e+03
4.111273e+03
3.837583e+03
3.580158e+03
3.338184e+03
3.110878e+03
2.897484e+03
2.697278e+03
2.509562e+03
2.333669e+03
2.168956e+03
2.014810e+03
1.870643e+03
1.735891e+03
1.610019e+03
1.492514e+03
1.382885e+03
1.280668e+03
1.185418e+03
1.096713e+03
1.014154e+03
9.373581e+02
8.659659e+02
7.996350e+02
7.380418e+02
6.808800e+02
6.278603e+02
5.787096e+02
5.331704e+02
4.909999e+02
4.519695e+02
4.158643e+02
3.824821e+02
3.516332e+02
3.231395e+02
2.968342e+02
2.725608e+02
2.501729e+02
2.295339e+02
2.105157e+02
1.929989e+02
1.768721e+02
1.620314e+02
1.483801e+02
1.358280e+02
1.242914e+02
1.136923e+02
1.039583e+02
9.502231e+01
8.682193e+01
7.929936e+01
7.240106e+01
6.607743e+01
6.028260e+01
5.497411e+01
5.011275e+01
4.566228e+01
4.158923e+01
3.786274e+01
3.445432e+01
3.133775e+01
2.848883e+01
2.588529e+01
2.350664e+01
2.133403e+01
1.935011e+01
1.753894e+01
1.588589e+01
1.437751e+01
1.300145e+01
1.174638e+01
1.060192e+01
9.558537e+00
8.607503e+00
7.740818e+00
6.951153e+00
6.231802e+00
5.576623e+00
4.980000e+00
4.436793e+00
3.942304e+00
3.492238e+00
3.082669e+00
2.710011e+00
2.370990e+00
2.062613e+00
1.782152e+00
1.527114e+00
1.295225e+00
1.084413e+00
8.927848e-01
7.186171e-01
5.603374e-01
4.165131e-01
2.858387e-01
1.671247e-01
5.928781e-02
-3.865857e-02
-1.276127e-01
-2.083924e-01
-2.817420e-01
-3.483390e-01
-4.087995e-01
-4.636845e-01
-5.135039e-01
-5.587216e-01
-5.997596e-01
-6.370014e-01
-6.707956e-01
-7.014593e-01
-7.292806e-01
-7.545213e-01
-7.774192e-01
-7.981905e-01
-8.170316e-01
-8.341209e-01
-8.496203e-01
-8.636771e-01
-8.764247e-01
-8.879846e-01
-8.984668e-01
-9.079715e-01
-9.165892e-01
-9.244026e-01
-9.314862e-01
-9.379080e-01
-9.437297e-01
-9.490070e-01
-9.537907e-01
-9.581268e-01
-9.620570e-01
-9.656192e-01
-9.688478e-01
-9.717739e-01
-9.744257e-01
-9.768289e-01
-9.790068e-01
-9.809803e-01
-9.827687e-01
-9.843893e-01
-9.858577e-01
-9.871882e-01
-9.883937e-01
-9.894860e-01
-9.904757e-01
-9.913724e-01
-9.921847e-01
-9.929207e-01
-9.935875e-01
-9.941915e-01
-9.947387e-01
-9.952345e-01
-9.956835e-01
-9.960904e-01
-9.964589e-01
-9.967927e-01
-9.970951e-01
-9.973690e-01
-9.976171e-01
-9.978418e-01
-9.980454e-01
-9.982297e-01
-9.983967e-01
-9.985480e-01
-9.986850e-01
-9.988091e-01
-9.989214e-01
-9.990232e-01
-9.991154e-01
-9.991989e-01
-9.992745e-01
-9.993430e-01
-9.994050e-01
-9.994612e-01
-9.995121e-01
-9.995582e-01
-9.995999e-01
-9.996377e-01
-9.996719e-01
-9.997029e-01
-9.997309e-01
-9.997563e-01
-9.997794e-01
-9.998002e-01
-9.998191e-01
-9.998362e-01
-9.998516e-01
-9.998657e-01
-9.998784e-01
-9.998898e-01
-9.999003e-01
-9.999097e-01
-9.999182e-01
-9.999259e-01
-9.999329e-01
-9.999393e-01
-9.999450e-01
-9.999502e-01
-9.999549e-01
-9.999592e-01
-9.999630e-01
-9.999665e-01
-9.999697e-01
-9.999726e-01
-9.999752e-01
-9.999775e-01
-9.999796e-01
-9.999816e-01
-9.999833e-01
-9.999849e-01
-9.999863e-01
-9.999876e-01
-9.999888e-01
-9.999898e-01
-9.999908e-01
-9.999917e-01
-9.999925e-01
-9.999932e-01
-9.999938e-01
-9.999944e-01
-9.999949e-01
-9.999954e-01
-9.999958e-01
-9.999962e-01
-9.999966e-01
-9.999969e-01
-9.999972e-01
-9.999975e-01
-9.999977e-01
-9.999979e-01
-9.999981e-01
-9.999983e-01
-9.999985e-01
-9.999986e-01
-9.999987e-01
-9.999989e-01
-9.999990e-01
-9.999991e-01
-9.999992e-01
-9.999992e-01
-9.999993e-01
-9.999994e-01
-9.999994e-01
-9.999995e-01
-9.999995e-01
-9.999996e-01
-9.999996e-01
-9.999997e-01
-9.999997e-01
-9.999997e-01
-9.999997e-01
-9.999998e-01
-9.999998e-01
-9.999998e-01
-9.999998e-01
-9.999998e-01
-9.999999e-01
-9.999999e-01
-9.999999e-01
-9.999999e-01
-9.999999e-01
